nav_date,net_asset,last_val,previous_val,sell_price,buy_price,sell_swap_price,buy_swap_price,remark_th,remark_en
2020-04-30,94148764.95,8.9373,9.0997,8.9508,8.9239,8.9508,8.9239, , 
2020-04-29,92800937.12,9.0997,8.6734,9.1134,9.0861,9.1134,9.0861, , 
2020-04-28,87182752.09,8.6734,8.7395,8.6865,8.6604,8.6865,8.6604, , 
2020-04-27,88444838.63,8.7395,8.4872,8.7527,8.7264,8.7527,8.7264, , 
2020-04-24,83494528.08,8.4872,8.5839,8.5,8.4745,8.5,8.4745, , 
2020-04-23,84246281.18,8.5839,8.5298,8.5969,8.571,8.5969,8.571, , 
2020-04-22,83692199.22,8.5298,8.1127,8.5427,8.517000000000001,8.5427,8.517000000000001, , 
2020-04-21,77415715.36,8.1127,8.4097,8.125,8.1005,8.125,8.1005, , 
2020-04-20,78266880.31,8.4097,8.5214,8.4224,8.3971,8.4224,8.3971, , 
2020-04-17,77661953.46,8.5214,8.1755,8.5343,8.5086,8.5343,8.5086, , 
2020-04-16,73343764.67,8.1755,8.0735,8.1879,8.1632,8.1879,8.1632, , 
2020-04-15,71661719.86,8.0735,8.5283,8.0857,8.0614,8.0857,8.0614, , 
2020-04-14,75798994.68,8.5283,8.2835,8.5412,8.5155,8.5412,8.5155, , 
2020-04-13,76741104.39,8.2835,8.4057,8.296,8.2711,8.296,8.2711, , 
2020-04-09,77089749.96,8.4057,8.2534,8.4184,8.3931,8.4184,8.3931, , 
2020-04-08,74498317.47,8.2534,8.0023,8.2659,8.241,8.2659,8.241, , 
2020-04-07,73268747.07,8.0023,7.311,8.0144,7.9903,8.0144,7.9903, , 
2020-04-03,64435688.71,7.311,7.585,7.3221,7.3,7.3221,7.3, , 
2020-04-02,65380445.28,7.585,7.4643,7.5965,7.5736,7.5965,7.5736, , 
2020-04-01,64114313.98,7.4643,8.0638,7.4756,7.4531,7.4756,7.4531, , 
2020-03-31,69072977.56,8.0638,7.8353,8.076,8.0517,8.076,8.0517, , 
2020-03-30,66467866.58,7.8353,8.0505,7.8472,7.8235,7.8472,7.8235, , 
2020-03-27,68804880.8,8.0505,8.5881,8.0627,8.0384,8.0627,8.0384, , 
2020-03-26,77001195.75,8.5881,7.7951,8.6011,8.5752,8.6011,8.5752, , 
2020-03-25,69988896.58,7.7951,7.2259,7.8069,7.7834,7.8069,7.7834, , 
2020-03-24,64706216.28,7.2259,6.9669,7.2368,7.2151,7.2368,7.2151, , 
2020-03-23,63087975.03,6.9669,7.8304,6.9775,6.9564,6.9775,6.9564, , 
2020-03-20,69086695.4,7.8304,7.7533,7.8422,7.8187,7.8422,7.8187, , 
2020-03-19,67560388.15,7.7533,7.9727,7.765,7.7417,7.765,7.7417, , 
2020-03-18,69064508.17,7.9727,9.0108,7.9848,7.9607,7.9848,7.9607, , 
2020-03-17,77925124.03,9.0108,8.5893,9.0244,8.9973,9.0244,8.9973, , 
2020-03-16,75268543.3,8.5893,9.5382,8.6023,8.5764,8.6023,8.5764, , 
2020-03-13,85319662.22,9.5382,8.8551,9.5526,9.5239,9.5526,9.5239, , 
2020-03-12,79363787.16,8.8551,9.8609,8.8685,8.8418,8.8685,8.8418, , 
2020-03-11,92533922.69,9.8609,10.3123,9.8758,9.8461,9.8758,9.8461, , 
2020-03-10,98847657.72,10.3123,9.9496,10.3279,10.2968,10.3279,10.2968, , 
2020-03-09,96947143.14,9.9496,10.5627,9.9646,9.9347,9.9646,9.9347, , 
2020-03-06,102577185.13,10.5627,10.6242,10.5786,10.5469,10.5786,10.5469, , 
2020-03-05,102793383.07,10.6242,11.0479,10.6402,10.6083,10.6402,10.6083, , 
2020-03-04,104805375.73,11.0479,11.0683,11.0646,11.0313,11.0646,11.0313, , 
2020-03-03,106020553.58,11.0683,11.0956,11.085,11.0517,11.085,11.0517, , 
2020-03-02,106777668.69,11.0956,11.2047,11.1123,11.079,11.1123,11.079, , 
2020-02-28,109683839.29,11.2047,11.5585,11.2216,11.1879,11.2216,11.1879, , 
2020-02-27,114788523.87,11.5585,11.7927,11.5759,11.5412,11.5759,11.5412, , 
2020-02-26,118427856.98,11.7927,11.7281,11.8105,11.775,11.8105,11.775, , 
2020-02-25,117312952.69,11.7281,11.7972,11.7458,11.7105,11.7458,11.7105, , 
2020-02-24,123895004.42,11.7972,12.0948,11.815,11.7795,11.815,11.7795, , 
2020-02-21,126899012.65,12.0948,12.0942,12.113,12.0767,12.113,12.0767, , 
2020-02-20,123982329.84,12.0942,12.1957,12.1124,12.0761,12.1124,12.0761, , 
2020-02-19,124901791.35,12.1957,12.1044,12.2141,12.1774,12.2141,12.1774, , 
2020-02-18,122435569.46,12.1044,12.2059,12.1227,12.0862,12.1227,12.0862, , 
2020-02-14,123424308.56,12.2059,12.3199,12.2243,12.1876,12.2243,12.1876, , 
2020-02-13,124491328.81,12.3199,12.4192,12.3385,12.3014,12.3385,12.3014, , 
2020-02-12,127378067.13,12.4192,12.3508,12.4379,12.4006,12.4379,12.4006, , 
2020-02-11,127059655.43,12.3508,12.1234,12.3694,12.3323,12.3694,12.3323, , 
2020-02-07,124735554.62,12.1234,12.27,12.1417,12.1052,12.1417,12.1052, , 
2020-02-06,126033231.49,12.27,12.1919,12.2885,12.2516,12.2885,12.2516, , 
2020-02-05,125430002.88,12.1919,12.1357,12.2103,12.1736,12.2103,12.1736, , 
2020-01-31,132883845.97,11.9954,12.1257,12.0135,11.9774,12.0135,11.9774, , 
2020-01-28,129989531.46,12.232000000000001,12.1961,12.2504,12.2137,12.2504,12.2137, , 
2020-01-27,136777598.3,12.1961,12.2853,12.2145,12.1778,12.2145,12.1778, , 
2020-01-24,136402195.57,12.2853,12.2761,12.3038,12.2669,12.3038,12.2669, , 
2020-01-23,136069639.06,12.2761,12.2927,12.2946,12.2577,12.2946,12.2577, , 
2020-01-22,132276983.89,12.2927,12.237,12.3112,12.2743,12.3112,12.2743, , 
2020-01-21,131436023.25,12.237,12.5412,12.2555,12.2186,12.2555,12.2186, , 
2020-01-17,133730983.12,12.5412,12.5143,12.5601,12.5224,12.5601,12.5224, , 
2020-01-16,133278079.49,12.5143,12.5261,12.5332,12.4955,12.5332,12.4955, , 
2020-01-14,135519408.34,12.5394,12.5622,12.5583,12.5206,12.5583,12.5206, , 
2020-01-13,135658430.41,12.5622,12.4589,12.5811,12.5434,12.5811,12.5434, , 
2020-01-10,134214695.01,12.4589,12.380999999999998,12.4777,12.4402,12.4777,12.4402, , 
2020-01-09,140213284.94,12.380999999999998,12.2242,12.3997,12.3624,12.3997,12.3624, , 
2020-01-06,136342252.92,12.0924,12.2307,12.1106,12.0743,12.1106,12.0743, , 
2020-01-03,135086227.87,12.2307,12.4665,12.2491,12.2124,12.2491,12.2124, , 
2020-01-02,137093852.52,12.4665,12.3232,12.4853,12.4478,12.4853,12.4478, , 
2019-12-30,136541538.86,12.3232,12.3068,12.3418,12.3047,12.3418,12.3047, , 
2019-12-27,135363271.53,12.3068,12.3009,12.3254,12.2883,12.3254,12.2883, , 
2019-12-26,135225509.31,12.3009,12.3627,12.3195,12.2824,12.3195,12.2824, , 
2019-12-24,135671710.79,12.3627,12.4022,12.3813,12.3442,12.3813,12.3442, , 
2019-12-23,136461659.2,12.4022,12.4609,12.4209,12.3836,12.4209,12.3836, , 
2019-12-20,137307194.04,12.4609,12.4368,12.4797,12.4422,12.4797,12.4422, , 
2019-12-19,138854823.93,12.4368,12.4301,12.4556,12.4181,12.4556,12.4181, , 
2019-12-18,140132150.47,12.4301,12.4211,12.4488,12.4115,12.4488,12.4115, , 
2019-12-17,140344595.41,12.4211,12.3281,12.4398,12.4025,12.4398,12.4025, , 
2019-12-13,158980539.49,12.3576,12.2934,12.3762,12.3391,12.3762,12.3391, , 
2019-12-12,158145535.14,12.2934,12.2523,12.3119,12.275,12.3119,12.275, , 
2019-12-09,153103300.99,12.1303,12.1287,12.1486,12.1121,12.1486,12.1121, , 
2019-12-06,152907399.4,12.1287,12.1887,12.147,12.1105,12.147,12.1105, , 
2019-12-04,153715653.87,12.1887,12.0995,12.2071,12.1704,12.2071,12.1704, , 
2019-12-03,152524009.35,12.0995,12.1663,12.1177,12.0814,12.1177,12.0814, , 
2019-12-02,151953409.64,12.1663,12.0759,12.1846,12.1481,12.1846,12.1481, , 
2019-11-29,150812016.26,12.0759,12.2323,12.0941,12.0578,12.0941,12.0578, , 
2019-11-25,153003803.12,12.1609,12.0054,12.1792,12.1427,12.1792,12.1427, , 
2019-11-21,153236614.2,12.0112,12.0542,12.0293,11.9932,12.0293,11.9932, , 
2019-11-18,152006188.32,11.9285,11.9757,11.9465,11.9106,11.9465,11.9106, , 
2019-11-07,150226805.78,12.1694,12.1776,12.1878,12.1511,12.1878,12.1511, , 
2019-11-06,150721889.22,12.1776,12.1124,12.196,12.1593,12.196,12.1593, , 
2019-10-31,159108294.92,12.0351,12.0812,12.0533,12.017000000000001,12.0533,12.017000000000001, , 
2019-10-22,155648568.44,11.8629,11.8777,11.8808,11.8451,11.8808,11.8451, , 
2019-10-21,155935205.81,11.8777,11.8932,11.8956,11.8599,11.8956,11.8599, , 
2019-10-18,165142732.93,11.8932,11.8057,11.9111,11.8754,11.9111,11.8754, , 
2019-10-17,163883119.95,11.8057,11.7071,11.8235,11.788,11.8235,11.788, , 
2019-10-16,162394244.07,11.7071,11.6246,11.7248,11.6895,11.7248,11.6895, , 
2019-10-15,161376766.91,11.6246,11.574000000000002,11.6421,11.6072,11.6421,11.6072, , 
2019-10-11,160431023.84,11.574000000000002,11.5146,11.5915,11.5566,11.5915,11.5566, , 
2019-10-10,161458338.31,11.5146,11.5704,11.532,11.4973,11.532,11.4973, , 
2019-10-09,161892864.15,11.5704,11.3421,11.5879,11.552999999999999,11.5879,11.552999999999999, , 
2019-10-08,159566693.17,11.3421,11.4147,11.3592,11.3251,11.3592,11.3251, , 
2019-10-07,160548802.18,11.4147,11.5291,11.4319,11.3976,11.4319,11.3976, , 
2019-10-04,160753570.89,11.5291,11.628,11.5465,11.5118,11.5465,11.5118, , 
2019-10-03,200249479.02,11.628,11.5566,11.6455,11.6106,11.6455,11.6106, , 
2019-10-02,198987387.68,11.5566,11.552,11.574000000000002,11.5393,11.574000000000002,11.5393, , 
2019-10-01,201465974.15,11.552,11.7949,11.5694,11.5347,11.5694,11.5347, , 
2019-09-30,203578605.19,11.7949,11.7614,11.8127,11.7772,11.8127,11.7772, , 
2019-09-26,203678678.44,11.8448,11.7015,11.8627,11.827,11.8627,11.827, , 
2019-09-25,202574976.65,11.7015,11.8023,11.7192,11.6839,11.7192,11.6839, , 
2019-09-24,188487840.0,11.8023,11.979,11.8201,11.7846,11.8201,11.7846, , 
2019-09-23,199059004.68,11.979000000000001,11.5925,11.9971,11.960999999999999,11.9971,11.960999999999999, , 
2019-09-20,190315042.09,11.5925,10.9586,11.61,11.5751,11.61,11.5751, , 
2019-09-19,174241555.81,10.9586,11.114,10.9751,10.9422,10.9751,10.9422, , 
2019-09-18,176275926.94,11.114,11.1548,11.1308,11.0973,11.1308,11.0973, , 
2019-09-17,176617054.96,11.1548,11.1281,11.1716,11.1381,11.1716,11.1381, , 
2019-09-16,182570852.18,11.1281,11.3848,11.1449,11.1114,11.1449,11.1114, , 
2019-09-13,188034093.28,11.3848,11.285,11.402000000000001,11.3677,11.402000000000001,11.3677, , 
2019-09-12,181804999.44,11.285,11.3088,11.302,11.2681,11.302,11.2681, , 
2019-09-11,181956411.15,11.3088,11.1906,11.3259,11.2918,11.3259,11.2918, , 
2019-09-10,176989887.38,11.1906,11.2042,11.2075,11.1738,11.2075,11.1738, , 
2019-09-09,177163440.04,11.2042,11.1593,11.2211,11.1874,11.2211,11.1874, , 
2019-09-06,175642358.24,11.1593,11.055,11.1761,11.1426,11.1761,11.1426, , 
2019-09-05,173772114.67,11.055,11.0191,11.0717,11.0384,11.0717,11.0384, , 
2019-09-04,170799124.62,11.0191,10.9875,11.0357,11.0026,11.0357,11.0026, , 
2019-09-03,169919516.69,10.9875,11.2223,11.0041,10.970999999999998,11.0041,10.970999999999998, , 
2019-08-30,172199990.37,11.2223,11.1697,11.2392,11.2055,11.2392,11.2055, , 
2019-08-29,171352230.68,11.1697,11.211,11.1866,11.1529,11.1866,11.1529, , 
2019-08-28,171196063.67,11.210999999999999,11.3438,11.2279,11.1942,11.2279,11.1942, , 
2019-08-27,173485712.64,11.3438,11.2635,11.3609,11.3268,11.3609,11.3268, , 
2019-08-26,172334445.79,11.2635,11.0829,11.2805,11.2466,11.2805,11.2466, , 
2019-08-23,168578665.87,11.0829,10.9276,11.0996,11.0663,11.0996,11.0663, , 
2019-08-22,166350856.19,10.9276,11.2144,10.9441,10.9112,10.9441,10.9112, , 
2019-08-20,170746632.45,11.2144,11.2251,11.2313,11.1976,11.2313,11.1976, , 
2019-08-19,170439341.93,11.2251,11.306,11.242,11.2083,11.242,11.2083, , 
2019-08-16,171645946.23,11.306,11.2044,11.3231,11.289,11.3231,11.289, , 
2019-08-15,170051560.36,11.2044,11.1355,11.2213,11.1876,11.2213,11.1876, , 
2019-08-14,169263857.57,11.1355,11.2665,11.1523,11.1188,11.1523,11.1188, , 
2019-08-13,172588671.95,11.2665,11.4334,11.2835,11.2496,11.2835,11.2496, , 
2019-08-09,176222538.26,11.4334,11.4666,11.4507,11.4162,11.4507,11.4162, , 
2019-08-08,177217010.61,11.4666,11.2231,11.4839,11.4494,11.4839,11.4494,,
2019-08-07,172257725.87,11.2231,11.2414,11.24,11.2063,11.24,11.2063,,
2019-08-06,170468607.33,11.2414,11.1157,11.2584,11.2245,11.2584,11.2245,,
2019-08-05,167246530.86,11.1157,11.4498,11.1325,11.099,11.1325,11.099,,
2019-08-02,168114243.44,11.4498,11.4839,11.4671,11.4326,11.4671,11.4326,,
2019-08-01,166594824.67,11.4839,11.6844,11.5012,11.4667,11.5012,11.4667,,
2019-07-31,168117614.88,11.6844,11.6833,11.702,11.6669,11.702,11.6669,,
2019-07-30,167473577.52,11.6833,11.9192,11.7009,11.6658,11.7009,11.6658,,
2019-07-26,166616863.07,11.9192,11.7987,11.9372,11.9013,11.9372,11.9013,,
2019-07-25,163986652.86,11.7987,11.9078,11.8165,11.781,11.8165,11.781,,
2019-07-24,163300363.09,11.9078,11.9071,11.9258,11.8899,11.9258,11.8899,,
2019-07-23,162358763.75,11.9071,11.9532,11.9251,11.8892,11.9251,11.8892,,
2019-07-22,163010147.69,11.9532,11.9927,11.9712,11.9353,11.9712,11.9353,,
2019-07-19,162727723.95,11.9927,12.258,12.0108,11.9747,12.0108,11.9747,,
2019-07-18,166051937.71,12.258,12.2779,12.2765,12.2396,12.2765,12.2396,,
2019-07-17,166659281.19,12.2779,12.2214,12.2964,12.2595,12.2964,12.2595,,
2019-07-15,165902300.09,12.2214,12.2066,12.2398,12.2031,12.2398,12.2031,,
2019-07-12,165916338.57,12.2066,12.2065,12.225,12.1883,12.225,12.1883,,
2019-07-11,162585138.18,12.2065,12.2036,12.2249,12.1882,12.2249,12.1882,,
2019-07-10,160447841.17,12.2036,12.2346,12.222000000000001,12.1853,12.222000000000001,12.1853,,
2019-07-09,163440849.83,12.2346,12.2101,12.2531,12.2162,12.2531,12.2162,,
2019-07-08,162946633.96,12.2101,12.4294,12.2285,12.1918,12.2285,12.1918,,
2019-07-05,165758448.85,12.4294,12.5107,12.4481,12.4108,12.4481,12.4108,,
2019-06-27,168318609.95,12.4197,12.4115,12.4384,12.4011,12.4384,12.4011,,
2019-06-26,168201496.46,12.4115,12.2567,12.4302,12.3929,12.4302,12.3929,,
2019-06-13,166220968.35,12.3837,12.4368,12.4024,12.3651,12.4024,12.3651,,
2019-06-12,166145115.83,12.4368,12.495,12.4556,12.4181,12.4556,12.4181,,
2019-06-11,166648618.46,12.495,12.4799,12.5138,12.4763,12.5138,12.4763,,
2019-06-10,166249307.29,12.4799,12.4659,12.4987,12.4612,12.4987,12.4612,,
2019-06-07,165963455.23,12.4659,12.4403,12.4847,12.4472,12.4847,12.4472,,
2019-06-06,165685282.92,12.4403,12.5678,12.4591,12.4216,12.4591,12.4216,,
2019-06-05,166539530.75,12.5678,12.6306,12.5868,12.5489,12.5868,12.5489,,
2019-06-04,170758219.45,12.6306,12.5721,12.6496,12.6117,12.6496,12.6117,,
2019-05-31,172174186.98,12.5721,12.4937,12.5911,12.5532,12.5911,12.5532,,
2019-05-30,171360812.99,12.4937,12.3821,12.5125,12.475,12.5125,12.475,,
2019-05-29,176279704.89,12.3821,12.4846,12.4008,12.3635,12.4008,12.3635,,
2019-05-28,179925081.19,12.4846,12.4198,12.5034,12.4659,12.5034,12.4659,,
2019-05-24,179179519.95,12.4198,12.2461,12.4385,12.4012,12.4385,12.4012,,
2019-05-23,170303794.04,12.2461,12.3155,12.2646,12.2277,12.2646,12.2277,,
2019-05-22,170715392.78,12.3155,12.2976,12.3341,12.297,12.3341,12.297,,
2019-05-21,171303957.46,12.2976,11.8318,12.3161,12.2792,12.3161,12.2792,,
2019-05-17,164759096.01,11.8318,11.7675,11.8496,11.8141,11.8496,11.8141,,
2019-05-16,163799396.03,11.7675,11.6025,11.7853,11.7498,11.7853,11.7498,,
2019-05-15,161338260.06,11.6025,11.6649,11.62,11.5851,11.62,11.5851,,
2019-05-14,161451745.01,11.6649,11.4102,11.6825,11.6474,11.6825,11.6474,,
2019-05-13,157308897.49,11.4102,11.7329,11.4274,11.3931,11.4274,11.3931,,
2019-05-10,161307115.63,11.7329,11.686,11.7506,11.7153,11.7506,11.7153,,
2019-05-09,160572681.85,11.686,11.8111,11.7036,11.6685,11.7036,11.6685,,
2019-05-08,166828422.01,11.8111,11.9056,11.8289,11.7934,11.8289,11.7934,,
2019-05-07,172693741.79,11.9056,12.3752,11.9236,11.8877,11.9236,11.8877,,
2019-05-03,179442301.68,12.3752,12.2606,12.3939,12.3566,12.3939,12.3566,,
2019-05-02,177501727.22,12.2606,12.3,12.2791,12.2422,12.2791,12.2422,,
2019-04-30,178012953.83,12.3,12.2749,12.3186,12.2815,12.3186,12.2815,,
2019-04-29,177601299.36,12.2749,12.2741,12.2934,12.2565,12.2934,12.2565,,
2019-04-26,174543377.3,12.2741,12.1205,12.2926,12.2557,12.2926,12.2557,,
2019-04-25,173371194.13,12.1205,12.1637,12.1388,12.1023,12.1388,12.1023,,
2019-04-24,174376529.71,12.1637,12.1172,12.182,12.1455,12.182,12.1455,,
2019-04-23,175546817.77,12.1172,12.1576,12.1355,12.099,12.1355,12.099,,
2019-04-22,177231626.64,12.1576,12.3655,12.1759,12.1394,12.1759,12.1394,,
2019-04-18,177282872.17,12.3655,12.4026,12.3841,12.347,12.3841,12.347,,
2019-04-17,177801799.4,12.4026,12.2354,12.4213,12.384,12.4213,12.384,,
2019-04-12,175115565.4,12.2354,12.2344,12.2539,12.217,12.2539,12.217,,
2019-04-11,174005394.4,12.2344,12.2453,12.2529,12.216,12.2529,12.216,,
2019-04-10,173730984.84,12.2453,12.2536,12.2638,12.2269,12.2638,12.2269,,
2019-04-09,171495972.82,12.2536,12.3377,12.2721,12.2352,12.2721,12.2352,,
2019-04-05,172953450.15,12.3377,12.2839,12.3563,12.3192,12.3563,12.3192,,
2019-04-04,180969167.32,12.2839,12.4072,12.3024,12.2655,12.3024,12.2655,,
2019-04-03,183768329.29,12.4072,12.3773,12.4259,12.3886,12.4259,12.3886,,
2019-04-02,186248632.47,12.3773,12.3139,12.395999999999999,12.3587,12.395999999999999,12.3587,,
2019-04-01,186206933.21,12.3139,12.2295,12.3325,12.2954,12.3325,12.2954,,
2019-03-29,183900584.81,12.2295,12.2082,12.2479,12.2112,12.2479,12.2112,,
2019-03-28,183586182.09,12.2082,12.0879,12.2266,12.1899,12.2266,12.1899,,
2019-03-27,182219878.61,12.0879,12.1325,12.1061,12.0698,12.1061,12.0698,,
2019-03-26,183323097.82,12.1325,11.9949,12.1508,12.1143,12.1508,12.1143,,
2019-03-25,183232749.24,11.9949,11.9987,12.013,11.9769,12.013,11.9769,,
2019-03-22,186431734.42,11.9987,12.2883,12.0168,11.9807,12.0168,11.9807,,
2019-03-21,194100968.0,12.2883,12.3057,12.3068,12.2699,12.3068,12.2699,,
2019-03-20,195660161.13,12.3057,12.1918,12.3243,12.2872,12.3243,12.2872,,
2019-03-19,191778951.04,12.1918,12.2545,12.2102,12.1735,12.2102,12.1735,,
2019-03-18,193755709.36,12.2545,12.1311,12.273,12.2361,12.273,12.2361,,
2019-03-15,190067672.97,12.1311,11.9323,12.1494,12.1129,12.1494,12.1129,,
2019-03-14,183943852.44,11.9323,11.876,11.9503,11.9144,11.9503,11.9144,,
2019-03-13,180735871.95,11.876,11.8683,11.8939,11.8582,11.8939,11.8582,,
2019-03-12,183508158.08,11.8683,11.7334,11.8862,11.8505,11.8862,11.8505,,
2019-03-11,181247111.47,11.7334,11.4865,11.7511,11.7158,11.7511,11.7158,,
2019-03-08,178571229.44,11.4865,11.481,11.5038,11.4693,11.5038,11.4693,,
2019-03-07,180418095.25,11.481,11.5314,11.4983,11.4638,11.4983,11.4638,,
2019-03-06,182309537.72,11.5314,11.4742,11.5488,11.5141,11.5488,11.5141,,
2019-03-05,185943045.7,11.4742,11.1607,11.4915,11.457,11.4915,11.457,,
2019-03-04,180920678.89,11.1607,11.1825,11.1775,11.144,11.1775,11.144,,
2019-03-01,181306815.71,11.1825,11.1935,11.1994,11.1657,11.1994,11.1657,,
2019-02-28,181672528.26,11.1935,11.1454,11.2104,11.1767,11.2104,11.1767,,
2019-02-27,183991889.08,11.1454,11.2489,11.1622,11.1287,11.1622,11.1287,,
2019-02-26,188231680.91,11.2489,11.3138,11.2659,11.232000000000001,11.2659,11.232000000000001,,
2019-02-25,189374147.25,11.3138,11.1627,11.3309,11.2968,11.3309,11.2968,,
2019-02-22,186819445.36,11.1627,11.1365,11.1795,11.145999999999999,11.1795,11.145999999999999,,
2019-02-21,181605532.66,11.1365,11.11,11.1533,11.1198,11.1533,11.1198,,
2019-02-20,177910143.52,11.11,11.0873,11.1268,11.0933,11.1268,11.0933,,
2019-02-15,177323026.27,11.0873,11.1666,11.104000000000001,11.0707,11.104000000000001,11.0707,,
2019-02-14,178775614.05,11.1666,11.1608,11.1835,11.1499,11.1835,11.1499,,
2019-02-13,178879034.42,11.1608,11.3006,11.1776,11.1441,11.1776,11.1441,,
2019-02-12,181092759.86,11.3006,11.206,11.3177,11.2836,11.3177,11.2836,,
2019-02-11,179327260.27,11.206,11.2517,11.2229,11.1892,11.2229,11.1892,,
2019-02-08,180106655.67,11.2517,11.3761,11.2687,11.2348,11.2687,11.2348,,
2019-02-07,182087351.86,11.3761,11.3126,11.3933,11.359000000000002,11.3933,11.359000000000002,,
2019-02-06,180927691.78,11.3126,11.2785,11.3297,11.2956,11.3297,11.2956,,
2019-02-05,180422859.07,11.2785,11.2098,11.2955,11.2616,11.2955,11.2616,,
2019-02-04,179161764.81,11.2098,11.1539,11.2267,11.193,11.2267,11.193,,
2019-02-01,179597761.3,11.1539,11.2864,11.1707,11.1372,11.1707,11.1372,,
2019-01-31,181876205.0,11.2864,11.1409,11.3034,11.2695,11.3034,11.2695,,
2019-01-30,178537141.18,11.1409,11.0303,11.1577,11.1242,11.1577,11.1242,,
2019-01-29,176352753.44,11.0303,11.0942,11.0469,11.0138,11.0469,11.0138,,
2019-01-28,177224015.17,11.0942,11.2562,11.1109,11.0776,11.1109,11.0776,,
2019-01-25,179935790.9,11.2562,11.315999999999999,11.2732,11.2393,11.2732,11.2393,,
2019-01-24,182858024.07,11.315999999999999,11.1984,11.3331,11.299000000000001,11.3331,11.299000000000001,,
2019-01-23,180924479.57,11.1984,11.261,11.2153,11.1816,11.2153,11.1816,,
2019-01-22,180338073.92,11.261,11.3143,11.277999999999999,11.2441,11.277999999999999,11.2441,,
2019-01-18,181176462.11,11.3143,11.3498,11.3314,11.2973,11.3314,11.2973,,
2019-01-17,182144645.76,11.3498,11.3212,11.3669,11.3328,11.3669,11.3328,,
2019-01-16,181586018.85,11.3212,11.232000000000001,11.3383,11.3042,11.3383,11.3042,,
2019-01-15,180071757.41,11.232000000000001,11.1617,11.2489,11.2152,11.2489,11.2152,,
2019-01-14,178892307.84,11.1617,11.2907,11.1785,11.145,11.1785,11.145,,
2019-01-11,180262897.07,11.2907,11.3492,11.3077,11.2738,11.3077,11.2738,,
2019-01-10,180856874.7,11.3492,11.3936,11.3663,11.3322,11.3663,11.3322,,
2019-01-09,181438419.64,11.3936,11.3796,11.4108,11.3765,11.4108,11.3765,,
2019-01-08,181226790.39,11.3796,11.35,11.3968,11.3625,11.3968,11.3625,,
2019-01-07,180701446.78,11.35,11.4829,11.3671,11.333,11.3671,11.333,,
2019-01-04,182755726.78,11.4829,11.2234,11.5002,11.4657,11.5002,11.4657,,
2019-01-03,178687940.2,11.2234,11.412,11.2403,11.2066,11.2403,11.2066,,
2019-01-02,181585415.09,11.412,11.5069,11.4292,11.3949,11.4292,11.3949,,
2018-12-28,183106317.19,11.5069,11.4161,11.5243,11.4896,11.5243,11.4896,,
2018-12-27,181721073.1,11.4161,11.3771,11.4333,11.399000000000001,11.4333,11.399000000000001,,
2018-12-26,181265112.32,11.3771,11.138,11.3943,11.36,11.3943,11.36,,
2018-12-24,177514949.27,11.138,11.2918,11.1548,11.1213,11.1548,11.1213,,
2018-12-21,179575656.89,11.2918,11.5318,11.3088,11.2749,11.3088,11.2749,,
2018-12-20,180765955.82,11.5318,11.3165,11.5492,11.5145,11.5492,11.5145,,
2018-12-19,188749598.97,11.3165,11.478,11.3336,11.2995,11.3336,11.2995,,
2018-12-18,191578782.48,11.478,11.1451,11.4953,11.4608,11.4953,11.4608,,
2018-12-17,185704698.5,11.1451,11.1069,11.1619,11.1284,11.1619,11.1284,,
2018-12-14,182046468.92,11.1069,11.0953,11.1237,11.0902,11.1237,11.0902,,
2018-12-12,181976580.53,11.0953,10.7818,11.112,11.0787,11.112,11.0787,,
2018-12-11,176749687.88,10.7818,10.9793,10.7981,10.7656,10.7981,10.7656,,
2018-12-07,179910578.9,10.9793,11.1967,10.9959,10.9628,10.9959,10.9628,,
2018-12-06,183507604.79,11.1967,11.2834,11.2136,11.1799,11.2136,11.1799,,
2018-12-04,185183828.62,11.2834,11.4094,11.3004,11.2665,11.3004,11.2665,,
2018-12-03,191342690.1,11.4094,11.5076,11.4266,11.3923,11.4266,11.3923,,
2018-11-30,193471057.14,11.5076,11.5356,11.525,11.4903,11.525,11.4903,,
2018-11-29,200561271.26,11.5356,11.3935,11.552999999999999,11.5183,11.552999999999999,11.5183,,
2018-11-28,198128734.56,11.3935,11.1709,11.4107,11.3764,11.4107,11.3764,,
2018-11-27,203050788.96,11.1709,11.0986,11.1878,11.1541,11.1878,11.1541,,
2018-11-26,201729600.2,11.0986,11.0376,11.1153,11.082,11.1153,11.082,,
2018-11-23,200763933.06,11.0376,11.0626,11.0543,11.020999999999999,11.0543,11.020999999999999,,
2018-11-21,201262150.33,11.0626,10.970999999999998,11.0793,11.046,11.0793,11.046,,
2018-11-20,199462809.09,10.970999999999998,11.1114,10.9876,10.9545,10.9876,10.9545,,
2018-11-19,202056275.52,11.1114,11.1022,11.1282,11.0947,11.1282,11.0947,,
2018-11-16,202383719.57,11.1022,11.01,11.119000000000002,11.0855,11.119000000000002,11.0855,,
2018-11-15,200501078.68,11.01,10.8828,11.0266,10.9935,11.0266,10.9935,,
2018-11-14,198199341.78,10.8828,10.847999999999999,10.8992,10.8665,10.8992,10.8665,,
2018-11-13,197314658.52,10.847999999999999,10.7297,10.8644,10.8317,10.8644,10.8317,,
2018-11-09,195982957.79,10.7297,10.7668,10.7459,10.7136,10.7459,10.7136,,
2018-11-08,196658510.64,10.7668,10.960999999999999,10.7831,10.7506,10.7831,10.7506,,
2018-11-07,200232857.32,10.960999999999999,10.7348,10.9775,10.9446,10.9775,10.9446,,
2018-11-06,196207005.82,10.7348,10.796,10.751,10.7187,10.751,10.7187,,
2018-11-05,198750852.09,10.796,10.725,10.8123,10.7798,10.8123,10.7798,,
2018-11-02,197396510.54,10.725,10.6554,10.7412,10.7089,10.7412,10.7089,,
2018-11-01,195941439.09,10.6554,10.4042,10.6715,10.6394,10.6715,10.6394,,
2018-10-31,191150135.71,10.4042,10.3571,10.4199,10.3886,10.4199,10.3886,,
2018-10-30,190212587.38,10.3571,10.2766,10.3727,10.3416,10.3727,10.3416,,
2018-10-29,188819877.3,10.2766,10.2662,10.2921,10.2612,10.2921,10.2612,,
2018-10-26,188749665.33,10.2662,10.3194,10.2817,10.2508,10.2817,10.2508,,
2018-10-25,189656906.71,10.3194,10.2578,10.335,10.3039,10.335,10.3039,,
2018-10-24,188166316.05,10.2578,10.3024,10.2733,10.2424,10.2733,10.2424,,
2018-10-22,188919979.16,10.3024,10.3996,10.318,10.2869,10.318,10.2869,,
2018-10-19,191150366.97,10.3996,10.3559,10.4153,10.384,10.4153,10.384,,
2018-10-18,190027493.14,10.3559,10.7943,10.3715,10.3404,10.3715,10.3404,,
2018-10-16,201148294.38,10.7943,10.5801,10.8106,10.7781,10.8106,10.7781,,
2018-10-12,196395998.04,10.5801,10.2778,10.5961,10.5642,10.5961,10.5642,,
2018-10-11,189813499.05,10.2778,10.2732,10.2933,10.2624,10.2933,10.2624,,
2018-10-10,189297057.55,10.2732,10.3159,10.2887,10.2578,10.2887,10.2578,,
2018-10-05,188379472.28,10.2631,10.5276,10.2786,10.2477,10.2786,10.2477,,
2018-10-04,191796516.96,10.5276,10.8307,10.5435,10.5118,10.5435,10.5118,,
2018-10-03,197032256.85,10.8307,11.0759,10.847000000000001,10.8145,10.847000000000001,10.8145,,
2018-10-02,198275856.43,11.0759,11.107000000000001,11.0926,11.0593,11.0926,11.0593,,
2018-10-01,197733820.34,11.107000000000001,11.1494,11.1238,11.0903,11.1238,11.0903,,
2018-09-28,195840774.84,11.1494,11.2474,11.1662,11.1327,11.1662,11.1327,,
2018-09-27,196130515.23,11.2474,11.3197,11.2644,11.2305,11.2644,11.2305,,
2018-09-26,196922703.56,11.3197,11.3103,11.3368,11.3027,11.3368,11.3027,,
2018-09-25,192460981.35,11.3103,11.189,11.3274,11.2933,11.3274,11.2933,,
2018-09-24,190126758.21,11.189,11.4454,11.2059,11.1722,11.2059,11.1722,,
2018-09-21,196239139.98,11.4454,11.6962,11.4627,11.4282,11.4627,11.4282,,
2018-09-20,200191748.49,11.6962,11.6081,11.7138,11.6787,11.7138,11.6787,,
2018-09-19,193565617.2,11.6081,11.4882,11.6256,11.5907,11.6256,11.5907,,
2018-09-18,189455407.6,11.4882,11.5728,11.5055,11.470999999999998,11.5055,11.470999999999998,,
2018-09-17,190959039.17,11.5728,11.7869,11.5903,11.5554,11.5903,11.5554,,
2018-09-14,194334917.62,11.7869,11.833,11.8047,11.7692,11.8047,11.7692,,
2018-09-13,195159884.67,11.833,11.7426,11.8508,11.8153,11.8508,11.8153,,
2018-09-12,193629207.54,11.7426,11.5486,11.7603,11.725,11.7603,11.725,,
2018-09-11,190845405.73,11.5486,11.6303,11.565999999999999,11.5313,11.565999999999999,11.5313,,
2018-09-10,192012594.76,11.6303,11.8409,11.6478,11.6129,11.6478,11.6129,,
2018-09-07,195415059.15,11.8409,11.8299,11.8588,11.8231,11.8588,11.8231,,
2018-09-06,194970300.53,11.8299,11.8315,11.8477,11.8122,11.8477,11.8122,,
2018-09-05,231630862.09,11.8315,11.8133,11.8493,11.8138,11.8493,11.8138,,
2018-09-04,233257613.46,11.8133,12.1339,11.8311,11.7956,11.8311,11.7956,,
2018-08-31,237361963.7,12.1339,12.0623,12.1522,12.1157,12.1522,12.1157,,
2018-08-30,236119275.81,12.0623,12.1903,12.0805,12.0442,12.0805,12.0442,,
2018-08-29,241068925.63,12.1903,12.2511,12.2087,12.172,12.2087,12.172,,
2018-08-28,242199818.32,12.2511,12.309000000000001,12.2696,12.2327,12.2696,12.2327,,
2018-08-27,243323847.44,12.309000000000001,12.234000000000002,12.3276,12.2905,12.3276,12.2905,,
2018-08-24,241771743.13,12.234000000000002,12.075,12.2525,12.2156,12.2525,12.2156,,
2018-08-23,238701483.54,12.075,12.2384,12.0932,12.0569,12.0932,12.0569,,
2018-08-22,241817727.43,12.2384,12.2192,12.2569,12.22,12.2569,12.22,,
2018-08-21,244585966.36,12.2192,12.195,12.2376,12.2009,12.2376,12.2009,,
2018-08-20,243991506.12,12.195,12.1338,12.2134,12.1767,12.2134,12.1767,,
2018-08-17,242741548.58,12.1338,11.9651,12.1521,12.1156,12.1521,12.1156,,
2018-08-16,236671373.34,11.9651,11.8462,11.9831,11.9472,11.9831,11.9472,,
2018-08-15,235470299.65,11.8462,12.1319,11.8641,11.8284,11.8641,11.8284,,
2018-08-10,238379590.72,12.1319,12.2822,12.1502,12.1137,12.1502,12.1137,,
2018-08-09,241568320.24,12.2822,12.3157,12.3007,12.2638,12.3007,12.2638,,
2018-08-08,243224604.8,12.3157,12.2251,12.3343,12.2972,12.3343,12.2972,,
2018-08-07,242838609.47,12.2251,12.2034,12.2435,12.2068,12.2435,12.2068,,
2018-08-06,247767715.87,12.2034,12.2747,12.2218,12.1851,12.2218,12.1851,,
2018-08-03,252611516.15,12.2747,12.1435,12.2932,12.2563,12.2932,12.2563,,
2018-08-02,253847255.9,12.1435,12.2509,12.1618,12.1253,12.1618,12.1253,,
2018-08-01,259557431.56,12.2509,12.2484,12.2694,12.2325,12.2694,12.2325,,
2018-07-31,266684130.15,12.2484,12.0172,12.2669,12.23,12.2669,12.23,,
2018-07-26,267034594.31,12.0172,12.0224,12.0353,11.9992,12.0353,11.9992,,
2018-07-25,267280399.84,12.0224,11.9052,12.0405,12.0044,12.0405,12.0044,,
2018-07-24,266699949.69,11.9052,11.8239,11.9232,11.8873,11.9232,11.8873,,
2018-07-23,264952603.22,11.8239,11.8314,11.8417,11.8062,11.8417,11.8062,,
2018-07-20,264985647.05,11.8314,11.718,11.8492,11.8137,11.8492,11.8137,,
2018-07-19,262301854.95,11.718,11.8472,11.7357,11.7004,11.7357,11.7004,,
2018-07-18,267574621.58,11.8472,11.9247,11.8651,11.8294,11.8651,11.8294,,
2018-07-17,269671950.57,11.9247,11.7241,11.9427,11.9068,11.9427,11.9068,,
2018-07-16,266195551.79,11.7241,11.8223,11.7418,11.7065,11.7418,11.7065,,
2018-07-12,272410423.89,11.8776,11.6907,11.8955,11.8598,11.8955,11.8598,,
2018-07-11,268066919.98,11.6907,11.7213,11.7083,11.6732,11.7083,11.6732,,
2018-07-10,268526359.74,11.7213,11.6659,11.739,11.7037,11.739,11.7037,,
2018-07-09,267078929.1,11.6659,11.5312,11.6835,11.6484,11.6835,11.6484,,
2018-07-06,263984626.8,11.5312,11.4105,11.5486,11.5139,11.5486,11.5139,,
2018-07-05,261911858.33,11.4105,11.470999999999998,11.4277,11.3934,11.4277,11.3934,,
2018-07-03,263381106.74,11.470999999999998,11.4092,11.4883,11.4538,11.4883,11.4538,,
2018-07-02,261883633.55,11.4092,11.5144,11.4264,11.3921,11.4264,11.3921,,
2018-06-29,289409427.33,11.5144,11.3125,11.5318,11.4971,11.5318,11.4971,,
2018-06-28,283329882.03,11.3125,11.3049,11.3296,11.2955,11.3296,11.2955,,
2018-06-27,282995417.03,11.3049,11.4994,11.322000000000001,11.2879,11.322000000000001,11.2879,,
2018-06-26,314334081.98,11.4994,11.5352,11.5167,11.4822,11.5167,11.4822,,
2018-06-25,315285949.42,11.5352,11.6456,11.5526,11.5179,11.5526,11.5179,,
2018-06-22,318678390.51,11.6456,11.5373,11.6632,11.6281,11.6632,11.6281,,
2018-06-21,308350317.0,11.5373,11.5652,11.5547,11.52,11.5547,11.52,,
2018-06-20,309340479.95,11.5652,11.52,11.5826,11.5479,11.5826,11.5479,,
2018-06-19,308792315.46,11.52,11.5916,11.5374,11.5027,11.5374,11.5027,,
2018-06-18,311384642.54,11.5916,11.5927,11.6091,11.5742,11.6091,11.5742,,
2018-06-15,311369968.23,11.5927,11.6062,11.6102,11.5753,11.6102,11.5753,,
2018-06-14,312037842.14,11.6062,11.6435,11.6237,11.5888,11.6237,11.5888,,
2018-06-13,312058199.58,11.6435,11.6969,11.6611,11.626,11.6611,11.626,,
2018-06-12,313934296.47,11.6969,11.6549,11.7145,11.6794,11.7145,11.6794,,
2018-06-11,312401531.73,11.6549,11.6665,11.6725,11.6374,11.6725,11.6374,,
2018-06-08,309309458.7,11.6665,11.7527,11.6841,11.649000000000001,11.6841,11.649000000000001,,
2018-06-06,315059634.67,11.7527,11.5221,11.7704,11.7351,11.7704,11.7351,,
2018-06-05,309863606.81,11.5221,11.5466,11.5395,11.5048,11.5395,11.5048,,
2018-06-04,313758594.34,11.5466,11.6798,11.564,11.5293,11.564,11.5293,,
2018-06-01,316153278.89,11.6798,11.5971,11.6974,11.6623,11.6974,11.6623,,
2018-05-31,318674026.72,11.5971,11.4711,11.6146,11.5797,11.6146,11.5797,,
2018-05-25,318427568.69,11.4711,11.3013,11.4884,11.4539,11.4884,11.4539,,
2018-05-24,313619036.51,11.3013,11.2499,11.3184,11.2843,11.3184,11.2843,,
2018-05-23,313882486.34,11.2499,11.2925,11.2669,11.232999999999999,11.2669,11.232999999999999,,
2018-05-22,312480735.69,11.2925,11.300999999999998,11.3095,11.2756,11.3095,11.2756,,
2018-05-21,309316371.04,11.300999999999998,11.3689,11.3181,11.284,11.3181,11.284,,
2018-05-18,306851486.66,11.3689,11.4747,11.3861,11.3518,11.3861,11.3518,,
2018-05-17,309231931.03,11.4747,11.5167,11.492,11.4575,11.492,11.4575,,
2018-05-15,307844969.79,11.5167,11.6532,11.5341,11.4994,11.5341,11.4994,,
2018-05-14,308230109.54,11.6532,11.7135,11.6708,11.6357,11.6708,11.6357,,
2018-05-11,309921525.34,11.7135,11.7413,11.7312,11.6959,11.7312,11.6959,,
2018-05-10,310625505.25,11.7413,11.6511,11.759,11.7237,11.759,11.7237,,
2018-05-09,308345917.4,11.6511,11.6393,11.6687,11.6336,11.6687,11.6336,,
2018-05-08,308081368.03,11.6393,11.6534,11.6569,11.6218,11.6569,11.6218,,
2018-05-07,308414084.9,11.6534,11.6474,11.671,11.6359,11.671,11.6359,,
2018-05-04,308826929.49,11.6474,11.6611,11.665,11.6299,11.665,11.6299,,
2018-05-03,311387445.59,11.6611,11.6653,11.6787,11.6436,11.6787,11.6436,,
2018-05-02,311453512.73,11.6653,11.7483,11.6829,11.6478,11.6829,11.6478,,
2018-04-30,313802119.01,11.7483,11.7691,11.765999999999998,11.7307,11.765999999999998,11.7307,,
2018-04-27,314219939.65,11.7691,11.6194,11.7869,11.7514,11.7869,11.7514,,
2018-04-26,309585450.01,11.6194,11.4992,11.6369,11.602,11.6369,11.602,,
2018-04-25,307403924.25,11.4992,11.5806,11.5165,11.482000000000001,11.5165,11.482000000000001,,
2018-04-24,309618365.73,11.5806,11.5864,11.5981,11.5632,11.5981,11.5632,,
2018-04-23,310268384.06,11.5864,11.599,11.6039,11.569,11.6039,11.569,,
2018-04-19,313303348.7,11.664000000000001,0.0,11.6816,11.6465,11.6816,11.6465,,
2018-04-18,317186184.2,11.7561,0.0,11.7738,11.7385,11.7738,11.7385,,
2018-04-17,317584208.75,11.770999999999999,0.0,11.7888,11.7533,11.7888,11.7533,,
2018-04-12,322031147.16,11.7482,0.0,11.7659,11.7306,11.7659,11.7306,,
2018-04-11,320950195.88,11.7039,0.0,11.7216,11.6863,11.7216,11.6863,,
2018-04-10,327651013.82,11.7312,0.0,11.7489,11.7136,11.7489,11.7136,,
2018-04-09,325253824.51,11.6659,0.0,11.6835,11.6484,11.6835,11.6484,,
2018-04-05,353293682.9,11.6537,0.0,11.6713,11.6362,11.6713,11.6362,,
2018-04-04,355132943.76,11.5862,0.0,11.6037,11.5688,11.6037,11.5688,,
2018-04-03,356196161.53,11.6151,0.0,11.6326,11.5977,11.6326,11.5977,,
2018-04-02,356385524.43,11.4592,0.0,11.4765,11.442,11.4765,11.442,,
2018-03-29,356034121.11,11.5508,0.0,11.5682,11.5335,11.5682,11.5335,,
2018-03-28,352423697.18,11.4376,0.0,11.4549,11.4204,11.4549,11.4204,,
2018-03-27,350405514.83,11.4083,0.0,11.4255,11.3912,11.4255,11.3912,,
2018-03-26,352818901.77,11.5105,0.0,11.5279,11.4932,11.5279,11.4932,,
2018-03-23,342086333.0,11.2044,0.0,11.2213,11.1876,11.2213,11.1876,,
2018-03-22,343721752.49,11.3053,0.0,11.3224,11.2883,11.3224,11.2883,,
2018-03-21,350995458.66,11.5282,0.0,11.5456,11.5109,11.5456,11.5109,,
2018-03-20,339774278.98,11.4329,0.0,11.4501,11.4158,11.4501,11.4158,,
2018-03-19,331963412.97,11.3599,0.0,11.377,11.3429,11.377,11.3429,,
2018-03-16,337765559.14,11.4994,0.0,11.5167,11.4822,11.5167,11.4822,,
2018-03-15,343142234.36,11.6374,0.0,11.655,11.6199,11.655,11.6199,,
2018-03-14,346094625.08,11.7181,0.0,11.7358,11.7005,11.7358,11.7005,,
2018-03-13,349172198.58,11.7648,0.0,11.7825,11.7472,11.7825,11.7472,,
2018-03-12,349016989.59,11.8315,0.0,11.8493,11.8138,11.8493,11.8138,,
2018-03-09,345631798.48,11.7331,0.0,11.7508,11.7155,11.7508,11.7155,,
2018-03-08,341303273.24,11.5939,0.0,11.6114,11.5765,11.6114,11.5765,,
2018-03-07,337029809.62,11.5508,0.0,11.5682,11.5335,11.5682,11.5335,,
2018-03-06,338350856.66,11.6061,0.0,11.6236,11.5887,11.6236,11.5887,,
2018-03-05,342154842.77,11.7316,0.0,11.7493,11.714,11.7493,11.714,,
2018-03-02,340279892.79,11.7046,0.0,11.7223,11.687000000000001,11.7223,11.687000000000001,,
2018-02-28,335774048.58,11.7032,0.0,11.7209,11.6856,11.7209,11.6856,,
2018-02-27,333957665.63,11.8236,0.0,11.8414,11.8059,11.8414,11.8059,,
2018-02-26,338323585.02,12.0118,0.0,12.0299,11.9938,12.0299,11.9938,,
2018-02-23,334388197.67,11.9437,0.0,11.9617,11.9258,11.9617,11.9258,,
2018-02-22,322747765.53,11.7198,0.0,11.7375,11.7022,11.7375,11.7022,,
2018-02-21,316989876.27,11.7327,0.0,11.7504,11.7151,11.7504,11.7151,,
2018-02-20,317665198.24,11.7956,0.0,11.8134,11.7779,11.8134,11.7779,,
2018-02-16,316404686.03,11.9531,0.0,11.9711,11.9352,11.9711,11.9352,,
2018-02-15,318241974.3,12.1933,0.0,12.2117,12.175,12.2117,12.175,,
2018-02-14,310843829.56,12.1008,0.0,12.1191,12.0826,12.1191,12.0826,,
2018-02-13,309152302.37,12.0605,0.0,12.0787,12.0424,12.0787,12.0424,,
2018-02-12,308776374.22,12.0775,0.0,12.0957,12.0594,12.0957,12.0594,,
2018-02-09,303243184.97,11.9638,0.0,11.9818,11.9459,11.9818,11.9459,,
2018-02-08,287792990.92,11.6933,0.0,11.7109,11.6758,11.7109,11.6758,,
2018-02-07,295288643.42,11.9791,0.0,11.9972,11.9611,11.9972,11.9611,,
2018-02-06,298811895.42,12.175999999999998,0.0,12.1944,12.1577,12.1944,12.1577,,
2018-02-05,285772892.49,11.7967,0.0,11.8145,11.779000000000002,11.8145,11.779000000000002,,
2018-02-02,283037751.05,12.1249,0.0,12.1432,12.1067,12.1432,12.1067,,
2018-02-01,288240948.0,12.4919,0.0,12.5107,12.4732,12.5107,12.4732,,
2018-01-31,289616310.54,12.6687,0.0,12.6878,12.6497,12.6878,12.6497,,
2018-01-30,288688446.63,12.6051,0.0,12.6241,12.5862,12.6241,12.5862,,
2018-01-29,287812988.2,12.747,0.0,12.7662,12.7279,12.7662,12.7279,,
2018-01-26,283045505.37,12.7926,0.0,12.8119,12.7734,12.8119,12.7734,,
2018-01-25,284017882.17,12.7069,0.0,12.7261,12.6878,12.7261,12.6878,,
2018-01-24,288564503.98,12.7651,0.0,12.7843,12.745999999999999,12.7843,12.745999999999999,,
2018-01-23,288942795.74,12.7506,0.0,12.7698,12.7315,12.7698,12.7315,,
2018-01-22,279231379.42,12.6278,0.0,12.6468,12.6089,12.6468,12.6089,,
2018-01-19,252476837.53,12.552,0.0,12.5709,12.5332,12.5709,12.5332,,
2018-01-18,244003674.08,12.3894,0.0,12.4081,12.3708,12.4081,12.3708,,
2018-01-17,240045059.22,12.5,0.0,12.5189,12.4812,12.5189,12.4812,,
2018-01-16,234355760.45,12.2619,0.0,12.2804,12.2435,12.2804,12.2435,,
2018-01-12,251151566.78,12.3862,0.0,12.4049,12.3676,12.4049,12.3676,,
2018-01-11,255676565.98,12.3489,0.0,12.3675,12.3304,12.3675,12.3304,,
2018-01-10,253150865.24,12.2609,0.0,12.2794,12.2425,12.2794,12.2425,,
2018-01-09,241670524.23,12.3239,0.0,12.3425,12.3054,12.3425,12.3054,,
2018-01-08,230262869.36,12.3509,0.0,12.3695,12.3324,12.3695,12.3324,,
2018-01-05,233067779.94,12.3667,0.0,12.3854,12.3481,12.3854,12.3481,,
2018-01-04,236137693.93,12.2718,0.0,12.2903,12.2534,12.2903,12.2534,,
2018-01-03,234947941.34,12.2338,0.0,12.2523,12.2154,12.2523,12.2154,,
2017-12-29,235393614.82,12.185,0.0,12.2034,12.1667,12.2034,12.1667,,
2017-12-28,233960035.5,12.1023,0.0,12.1206,12.0841,12.1206,12.0841,,
2017-12-27,236306577.32,12.1431,0.0,12.1614,12.1249,12.1614,12.1249,,
2017-12-26,240559391.81,12.2229,0.0,12.2413,12.2046,12.2413,12.2046,,
2017-12-22,243036555.03,12.1985,0.0,12.2169,12.1802,12.2169,12.1802,,
2017-12-21,214839384.72,12.1146,0.0,12.1329,12.0964,12.1329,12.0964,,
2017-12-20,196575603.1,12.1368,0.0,12.1551,12.1186,12.1551,12.1186,,
2017-12-19,199321090.04,12.0884,0.0,12.1066,12.0703,12.1066,12.0703,,
2017-12-18,202284678.34,12.0339,0.0,12.0521,12.0158,12.0521,12.0158,,
2017-12-15,205879793.47,12.0106,0.0,12.0287,11.9926,12.0287,11.9926,,
2017-12-14,204148268.36,11.9081,0.0,11.9261,11.8902,11.9261,11.8902,,
2017-12-13,203519183.86,11.8537,0.0,11.8716,11.8359,11.8716,11.8359,,
2017-12-12,206517116.01,11.7774,0.0,11.7952,11.7597,11.7952,11.7597,,
2017-12-08,207035910.73,11.8599,0.0,11.8778,11.8421,11.8778,11.8421,,
2017-12-07,204163338.85,11.7272,0.0,11.7449,11.7096,11.7449,11.7096,,
2017-12-06,200856171.14,11.559000000000001,0.0,11.5764,11.5417,11.5764,11.5417,,
2017-12-04,194447116.09,11.6356,0.0,11.6532,11.6181,11.6532,11.6181,,
2017-12-01,193695057.87,11.6036,0.0,11.6211,11.5862,11.6211,11.5862,,
2017-11-30,195017770.21,11.7573,0.0,11.775,11.7397,11.775,11.7397,,
2017-11-29,199747242.86,11.8527,0.0,11.8706,11.8349,11.8706,11.8349,,
2017-11-28,208273690.64,11.954,0.0,11.972000000000001,11.9361,11.972000000000001,11.9361,,
2017-11-27,210871742.25,11.9346,0.0,11.9526,11.9167,11.9526,11.9167,,
2017-11-22,212745341.63,11.9,0.0,11.918,11.8821,11.918,11.8821,,
2017-11-21,212317943.3,11.8842,0.0,11.9021,11.8664,11.9021,11.8664,,
2017-11-20,211997745.55,11.7999,0.0,11.8177,11.7822,11.8177,11.7822,,
2017-11-17,210932431.48,11.8184,0.0,11.8362,11.8007,11.8362,11.8007,,
2017-11-16,203743398.58,11.7102,0.0,11.7279,11.6926,11.7279,11.6926,,
2017-11-15,200200914.85,11.5147,0.0,11.5321,11.4974,11.5321,11.4974,,
2017-11-14,200151135.2,11.5665,0.0,11.5839,11.5492,11.5839,11.5492,,
2017-11-13,202429457.4,11.6389,0.0,11.6565,11.6214,11.6565,11.6214,,
2017-11-10,200750644.23,11.7733,0.0,11.7911,11.7556,11.7911,11.7556,,
2017-11-09,203834959.08,11.7865,0.0,11.8043,11.7688,11.8043,11.7688,,
2017-11-08,206532506.8,11.8467,0.0,11.8646,11.8289,11.8646,11.8289,,
2017-11-07,205746312.12,11.8371,0.0,11.855,11.8193,11.855,11.8193,,
2017-11-06,207024859.94,12.0532,0.0,12.0714,12.0351,12.0714,12.0351,,
2017-11-03,206691400.46,12.0114,0.0,12.0295,11.9934,12.0295,11.9934,,
2017-11-02,206708618.77,12.0209,0.0,12.039000000000001,12.0029,12.039000000000001,12.0029,,
2017-11-01,205565726.5,12.0133,0.0,12.0314,11.9953,12.0314,11.9953,,
2017-10-31,204038356.49,11.9036,0.0,11.9216,11.8857,11.9216,11.8857,,
2017-10-30,202649242.29,11.8504,0.0,11.8683,11.8326,11.8683,11.8326,,
2017-10-27,204698354.57,11.878,0.0,11.8959,11.8602,11.8959,11.8602,,
2017-10-25,206547474.45,11.7237,0.0,11.7414,11.7061,11.7414,11.7061,,
2017-10-24,207091028.35,11.7172,0.0,11.7349,11.6996,11.7349,11.6996,,
2017-10-20,206963649.89,11.6331,0.0,11.6506,11.6157,11.6506,11.6157,,
2017-10-19,209493914.88,11.5914,0.0,11.6089,11.574000000000002,11.6089,11.574000000000002,,
2017-10-18,215460308.79,11.6629,0.0,11.6805,11.6454,11.6805,11.6454,,
2017-10-17,224862512.88,11.6673,0.0,11.6849,11.6498,11.6849,11.6498,,
2017-10-16,232724490.37,11.7483,0.0,11.765999999999998,11.7307,11.765999999999998,11.7307,,
2017-10-12,232014251.61,11.5584,0.0,11.5758,11.5411,11.5758,11.5411,,
2017-10-11,229733610.0,11.4239,0.0,11.4411,11.4068,11.4411,11.4068,,
2017-10-10,226058720.88,11.4759,0.0,11.4932,11.4587,11.4932,11.4587,,
2017-10-06,221023989.22,11.3693,0.0,11.3865,11.3522,11.3865,11.3522,,
2017-10-05,221202447.37,11.3496,0.0,11.3667,11.3326,11.3667,11.3326,,
2017-10-04,216299231.25,11.3576,0.0,11.3747,11.3406,11.3747,11.3406,,
2017-10-03,207836127.33,11.2787,0.0,11.2957,11.2618,11.2957,11.2618,,
2017-10-02,205090031.18,11.210999999999999,0.0,11.2279,11.1942,11.2279,11.1942,,
2017-09-29,200520266.73,11.2671,0.0,11.2841,11.2502,11.2841,11.2502,,
2017-09-28,195416054.74,11.1989,0.0,11.2158,11.1821,11.2158,11.1821,,
2017-09-27,188034927.78,11.0762,0.0,11.0929,11.0596,11.0929,11.0596,,
2017-09-26,192853959.07,11.2623,0.0,11.2793,11.2454,11.2793,11.2454,,
2017-09-25,187024600.28,11.2347,0.0,11.2517,11.2178,11.2517,11.2178,,
2017-09-22,187865445.23,11.4812,0.0,11.4985,11.464,11.4985,11.464,,
2017-09-21,185503425.03,11.6287,0.0,11.6462,11.6113,11.6462,11.6113,,
2017-09-20,185975688.98,11.6833,0.0,11.7009,11.6658,11.7009,11.6658,,
2017-09-19,187442642.27,11.7938,0.0,11.8116,11.7761,11.8116,11.7761,,
2017-09-18,182853201.71,11.7653,0.0,11.783,11.7477,11.783,11.7477,,
2017-09-15,179630956.27,11.7561,0.0,11.7738,11.7385,11.7738,11.7385,,
2017-09-14,175088389.87,11.7111,0.0,11.7288,11.6935,11.7288,11.6935,,
2017-09-13,171567041.99,11.7154,0.0,11.7331,11.6978,11.7331,11.6978,,
2017-09-12,169803660.99,11.7826,0.0,11.8004,11.7649,11.8004,11.7649,,
2017-09-11,165761877.29,11.7334,0.0,11.7511,11.7158,11.7511,11.7158,,
2017-09-08,161199905.22,11.6382,0.0,11.6558,11.6207,11.6558,11.6207,,
2017-09-07,157958459.23,11.6313,0.0,11.6488,11.6139,11.6488,11.6139,,
2017-09-06,156039913.47,11.6443,0.0,11.6619,11.6268,11.6619,11.6268,,
2017-09-05,158659107.7,11.5995,0.0,11.617,11.5821,11.617,11.5821,,
2017-09-04,160769223.74,11.7625,0.0,11.7802,11.7449,11.7802,11.7449,,
2017-09-01,160769223.74,11.7625,0.0,11.7802,11.7449,11.7802,11.7449,,
2017-08-31,156281324.89,11.6467,0.0,11.6643,11.6292,11.6643,11.6292,,
2017-08-30,152054155.45,11.5873,0.0,11.6048,11.5699,11.6048,11.5699,,
2017-08-29,150023759.3,11.5806,0.0,11.5981,11.5632,11.5981,11.5632,,
2017-08-28,151442278.81,11.6847,0.0,11.7023,11.6672,11.7023,11.6672,,
2017-08-25,150359773.64,11.6567,0.0,11.6743,11.6392,11.6743,11.6392,,
2017-08-24,146684997.62,11.6126,0.0,11.6301,11.5952,11.6301,11.5952,,
2017-08-23,146293614.03,11.5885,0.0,11.606,11.5711,11.606,11.5711,,
2017-08-22,145481013.36,11.5448,0.0,11.5622,11.5275,11.5622,11.5275,,
2017-08-21,143553547.42,11.4804,0.0,11.4977,11.4632,11.4977,11.4632,,
2017-08-18,140695719.4,11.5503,0.0,11.5677,11.533,11.5677,11.533,,
2017-08-17,139110916.97,11.5099,0.0,11.5273,11.4926,11.5273,11.4926,,
2017-08-16,136833588.84,11.6226,0.0,11.6401,11.6052,11.6401,11.6052,,
2017-08-15,133154295.45,11.4914,0.0,11.5087,11.4742,11.5087,11.4742,,
2017-08-11,145418273.17,11.3752,0.0,11.3924,11.3581,11.3924,11.3581,,
2017-08-10,146673741.5,11.357000000000001,0.0,11.3741,11.34,11.3741,11.34,,
2017-08-09,146409125.15,11.6216,0.0,11.6391,11.6042,11.6391,11.6042,,
2017-08-08,143503346.62,11.7602,0.0,11.7779,11.7426,11.7779,11.7426,,
2017-08-07,144417284.09,11.8499,0.0,11.8678,11.8321,11.8678,11.8321,,
2017-08-04,140831497.73,11.8673,0.0,11.8852,11.8495,11.8852,11.8495,,
2017-08-03,139539573.94,11.8215,0.0,11.8393,11.8038,11.8393,11.8038,,
2017-08-02,140203262.8,11.8949,0.0,11.9128,11.8771,11.9128,11.8771,,
2017-08-01,143038930.18,11.9008,0.0,11.9188,11.8829,11.9188,11.8829,,
2017-07-31,144483253.98,11.7932,0.0,11.811,11.7755,11.811,11.7755,,
2017-07-26,149423198.05,11.8027,0.0,11.8205,11.785,11.8205,11.785,,
2017-07-25,150728615.52,11.687999999999999,0.0,11.7056,11.6705,11.7056,11.6705,,
2017-07-24,150571434.23,11.6914,0.0,11.709000000000001,11.6739,11.709000000000001,11.6739,,
2017-07-21,148613930.24,11.6029,0.0,11.6204,11.5855,11.6204,11.5855,,
2017-07-20,148926576.08,11.6132,0.0,11.6307,11.5958,11.6307,11.5958,,
2017-07-19,148994269.38,11.6293,0.0,11.6468,11.6119,11.6468,11.6119,,
2017-07-18,151972605.72,11.535,0.0,11.5524,11.5177,11.5524,11.5177,,
2017-07-17,155787867.98,11.6523,0.0,11.6699,11.6348,11.6699,11.6348,,
2017-07-14,141142945.38,11.7153,0.0,11.732999999999999,11.6977,11.732999999999999,11.6977,,
2017-07-13,143724149.37,11.6306,0.0,11.6481,11.6132,11.6481,11.6132,,
2017-07-12,143668924.38,11.6028,0.0,11.6203,11.5854,11.6203,11.5854,,
2017-07-11,145094028.62,11.4894,0.0,11.5067,11.4722,11.5067,11.4722,,
2017-07-06,142419299.57,11.2624,0.0,11.2794,11.2455,11.2794,11.2455,,
2017-07-05,143448522.52,11.3081,0.0,11.3252,11.2911,11.3252,11.2911,,
2017-07-04,142477850.42,11.2482,0.0,11.2652,11.2313,11.2652,11.2313,,
2017-07-03,142477850.42,11.2482,0.0,11.2652,11.2313,11.2652,11.2313,,
2017-06-30,142105503.61,11.1475,0.0,11.1643,11.1308,11.1643,11.1308,,
2017-06-29,136018414.22,11.0602,0.0,11.0769,11.0436,11.0769,11.0436,,
2017-06-28,139191382.2,11.1965,0.0,11.2134,11.1797,11.2134,11.1797,,
2017-06-27,135677366.03,11.125,0.0,11.1418,11.1083,11.1418,11.1083,,
2017-06-26,137051685.57,11.3213,0.0,11.3384,11.3043,11.3384,11.3043,,
2017-06-23,136617049.58,11.2797,0.0,11.2967,11.2628,11.2967,11.2628,,
2017-06-22,136756545.73,11.3006,0.0,11.3177,11.2836,11.3177,11.2836,,
2017-06-21,134099326.07,11.3079,0.0,11.325,11.2909,11.325,11.2909,,
2017-06-20,133516178.46,11.2947,0.0,11.3117,11.2778,11.3117,11.2778,,
2017-06-19,134403237.38,11.3743,0.0,11.3915,11.3572,11.3915,11.3572,,
2017-06-16,132817027.96,11.2847,0.0,11.3017,11.2678,11.3017,11.2678,,
2017-06-15,132265943.42,11.2531,0.0,11.2701,11.2362,11.2701,11.2362,,
2017-06-14,127551989.46,11.3661,0.0,11.3832,11.3491,11.3832,11.3491,,
2017-06-13,123979139.09,11.342,0.0,11.3591,11.325,11.3591,11.325,,
2017-06-12,123182926.69,11.2974,0.0,11.3144,11.2805,11.3144,11.2805,,
2017-06-09,121684668.82,11.338,0.0,11.3551,11.321,11.3551,11.321,,
2017-06-08,118846618.86,11.3878,0.0,11.405,11.3707,11.405,11.3707,,
2017-06-07,115252983.87,11.3799,0.0,11.3971,11.3628,11.3971,11.3628,,
2017-06-06,117537404.81,11.3787,0.0,11.3959,11.3616,11.3959,11.3616,,
2017-06-05,120498598.51,11.392999999999999,0.0,11.4102,11.3759,11.4102,11.3759,,
2017-06-02,117418029.01,11.4178,0.0,11.435,11.4007,11.435,11.4007,,
2017-06-01,113797332.76,11.3701,0.0,11.3873,11.353,11.3873,11.353,,
2017-05-31,116535190.14,11.2995,0.0,11.3165,11.2826,11.3165,11.2826,,
2017-05-30,116365411.51,11.3025,0.0,11.3196,11.2855,11.3196,11.2855,,
2017-05-29,112222364.01,11.2345,0.0,11.2515,11.2176,11.2515,11.2176,,
2017-05-26,112222364.01,11.2345,0.0,11.2515,11.2176,11.2515,11.2176,,
2017-05-25,110116537.69,11.1606,0.0,11.1774,11.1439,11.1774,11.1439,,
2017-05-24,107565792.96,11.0252,0.0,11.0418,11.0087,11.0418,11.0087,,
2017-05-23,103469743.73,10.9943,0.0,11.0109,10.9778,11.0109,10.9778,,
2017-05-22,102158952.45,11.1144,0.0,11.1312,11.0977,11.1312,11.0977,,
2017-05-19,99109810.58,11.1321,0.0,11.1489,11.1154,11.1489,11.1154,,
2017-05-18,97702309.56,11.0495,0.0,11.0662,11.0329,11.0662,11.0329,,
2017-05-17,102097984.45,11.1448,0.0,11.1616,11.1281,11.1616,11.1281,,
2017-05-16,106076557.25,11.2862,0.0,11.3032,11.2693,11.3032,11.2693,,
2017-05-15,108605515.9,11.2284,0.0,11.2453,11.2116,11.2453,11.2116,,
2017-05-12,108588674.17,11.1494,0.0,11.1662,11.1327,11.1662,11.1327,,
2017-05-11,108303119.45,11.1235,0.0,11.1403,11.1068,11.1403,11.1068,,
2017-05-09,107042555.51,10.9913,0.0,11.0079,10.9748,11.0079,10.9748,,
2017-05-08,104589296.43,10.9697,0.0,10.9863,10.9532,10.9863,10.9532,,
2017-05-05,104507359.23,11.0107,0.0,11.0273,10.9942,11.0273,10.9942,,
2017-05-04,101262931.18,11.0058,0.0,11.0224,10.9893,11.0224,10.9893,,
2017-05-03,101066052.34,10.9848,0.0,11.0014,10.9683,11.0014,10.9683,,
2017-05-02,100186941.78,11.0422,0.0,11.0589,11.0256,11.0589,11.0256,,
2017-04-28,103204014.92,10.9903,0.0,11.0069,10.9738,11.0069,10.9738,,
2017-04-27,106033328.77,11.0015,0.0,11.0181,10.985,11.0181,10.985,,
2017-04-26,115212465.69,11.0418,0.0,11.0585,11.0252,11.0585,11.0252,,
2017-04-25,114400713.25,10.9661,0.0,10.9826,10.9497,10.9826,10.9497,,
2017-04-24,113658515.22,10.8559,0.0,10.8723,10.8396,10.8723,10.8396,,
2017-04-21,108433182.84,10.6685,0.0,10.6846,10.6525,10.6846,10.6525,,
2017-04-20,108752703.41,10.7489,0.0,10.7651,10.7328,10.7651,10.7328,,
2017-04-19,106734592.71,10.6773,0.0,10.6934,10.6613,10.6934,10.6613,,
2017-04-18,107375538.86,10.6932,0.0,10.7093,10.6772,10.7093,10.6772,,
2017-04-17,127038882.16,10.8308,0.0,10.8471,10.8146,10.8471,10.8146,,
2017-04-12,124980726.73,10.8279,0.0,10.8442,10.8117,10.8442,10.8117,,
2017-04-11,124751552.87,10.8702,0.0,10.8866,10.8539,10.8866,10.8539,,
2017-04-10,120451949.81,10.8349,0.0,10.8513,10.8186,10.8513,10.8186,,
2017-04-07,117287353.17,10.9006,0.0,10.9171,10.8842,10.9171,10.8842,,
2017-04-05,117610919.02,10.7915,0.0,10.8078,10.7753,10.8078,10.7753,,
2017-04-04,126715463.71,10.8375,0.0,10.8539,10.8212,10.8539,10.8212,,
2017-04-03,126479483.22,10.8568,0.0,10.8732,10.8405,10.8732,10.8405,,
2017-03-31,125319091.29,10.7616,0.0,10.7778,10.7455,10.7778,10.7455,,
2017-03-30,124455785.94,10.795,0.0,10.8113,10.7788,10.8113,10.7788,,
2017-03-29,125736323.23,10.7774,0.0,10.7937,10.7612,10.7937,10.7612,,
2017-03-28,125197116.68,10.6885,0.0,10.7046,10.6725,10.7046,10.6725,,
2017-03-27,120794575.62,10.6448,0.0,10.6609,10.6288,10.6609,10.6288,,
2017-03-24,120794002.57,10.6141,0.0,10.6301,10.5982,10.6301,10.5982,,
2017-03-23,117115198.82,10.5959,0.0,10.6119,10.58,10.6119,10.58,,
2017-03-22,119355134.4,10.5611,0.0,10.577,10.5453,10.577,10.5453,,
2017-03-21,135768823.31,10.5656,0.0,10.5815,10.5498,10.5815,10.5498,,
2017-03-20,137318497.66,10.7025,0.0,10.7187,10.6864,10.7187,10.6864,,
2017-03-17,140031116.21,10.6475,0.0,10.6636,10.6315,10.6636,10.6315,,
2017-03-16,144603143.5,10.6896,0.0,10.7057,10.6736,10.7057,10.6736,,
2017-03-15,152147543.75,10.7106,0.0,10.7268,10.6945,10.7268,10.6945,,
2017-03-14,155293509.03,10.5546,0.0,10.5705,10.5388,10.5705,10.5388,,
2017-03-13,155513878.56,10.5764,0.0,10.5924,10.5605,10.5924,10.5605,,
2017-03-10,154601655.09,10.3062,0.0,10.3218,10.2907,10.3218,10.2907,,
2017-03-09,154131692.13,10.2625,0.0,10.277999999999999,10.2471,10.277999999999999,10.2471,,
2017-03-08,153084600.48,10.1863,0.0,10.2017,10.171,10.2017,10.171,,
2017-03-07,153379145.45,10.2468,0.0,10.2623,10.2314,10.2623,10.2314,,
2017-03-06,150457232.61,10.2548,0.0,10.2703,10.2394,10.2703,10.2394,,
2017-03-03,145237716.34,10.2072,0.0,10.2226,10.1919,10.2226,10.1919,,
2017-03-02,147056875.42,10.126,0.0,10.1413,10.1108,10.1413,10.1108,,
2017-03-01,147236924.52,10.3395,0.0,10.3551,10.324000000000002,10.3551,10.324000000000002,,
2017-02-28,144618510.22,10.1586,0.0,10.1739,10.1434,10.1739,10.1434,,
2017-02-27,144966182.16,10.1737,0.0,10.1891,10.1584,10.1891,10.1584,,
2017-02-24,143281119.9,10.1983,0.0,10.2137,10.183,10.2137,10.183,,
2017-02-23,162533500.04,10.2624,0.0,10.2779,10.247,10.2779,10.247,,
2017-02-22,161806842.48,10.1973,0.0,10.2127,10.182,10.2127,10.182,,
2017-02-21,161391534.15,10.1982,0.0,10.2136,10.1829,10.2136,10.1829,,
2017-02-20,159341041.27,10.0503,0.0,10.0655,10.0352,10.0655,10.0352,,
2017-02-17,159341041.27,10.0503,0.0,10.0655,10.0352,10.0655,10.0352,,
2017-02-16,156417420.7,10.0409,0.0,10.0561,10.0258,10.0561,10.0258,,
2017-02-15,155294239.85,10.0414,0.0,10.0566,10.0263,10.0566,10.0263,,
2017-02-14,158839246.92,10.0968,0.0,10.112,10.0817,10.112,10.0817,,
2017-02-10,163285852.3,10.1217,0.0,10.137,10.1065,10.137,10.1065,,
2017-02-09,163381236.49,10.113999999999999,0.0,10.1293,10.0988,10.1293,10.0988,,
2017-02-08,162463419.35,10.0636,0.0,10.0788,10.0485,10.0788,10.0485,,
2017-02-07,161370111.99,10.0056,0.0,10.0207,9.9906,10.0207,9.9906,,
2017-02-06,165837300.05,10.0443,0.0,10.0595,10.0292,10.0595,10.0292,,
2017-02-03,132887049.5,10.0469,0.0,10.0621,10.0318,10.0621,10.0318,,
2017-02-02,104231917.86,9.9778,0.0,9.9929,9.9628,9.9929,9.9628,,
2017-02-01,102351397.91,9.91,0.0,9.925,9.8951,9.925,9.8951,,
2017-01-31,101159294.33,9.7849,0.0,9.7997,9.7702,9.7997,9.7702,,
2017-01-30,100780151.75,9.7609,0.0,9.7756,9.7463,9.7756,9.7463,,
2017-01-27,101292282.01,9.7544,0.0,9.7691,9.7398,9.7691,9.7398,,
2017-01-26,101206724.36,9.742,0.0,9.7567,9.7274,9.7567,9.7274,,
2017-01-25,101582980.62,9.7759,0.0,9.7907,9.7612,9.7907,9.7612,,
2017-01-24,99375970.21,9.5966,0.0,9.6111,9.5822,9.6111,9.5822,,
2017-01-23,97148878.42,9.495,0.0,9.5093,9.4808,9.5093,9.4808,,
2017-01-20,95442504.74,9.4171,0.0,9.4313,9.402999999999999,9.4313,9.402999999999999,,
2017-01-19,99267072.34,9.4742,0.0,9.4885,9.46,9.4885,9.46,,
2017-01-18,98002877.92,9.4811,0.0,9.4954,9.4669,9.4954,9.4669,,
2017-01-17,101325282.74,9.5004,0.0,9.5148,9.4861,9.5148,9.4861,,
2017-01-16,104577574.33,9.527999999999999,0.0,9.5424,9.5137,9.5424,9.5137,,
2017-01-13,104577574.33,9.527999999999999,0.0,9.5424,9.5137,9.5424,9.5137,,
2017-01-12,108160696.14,9.536,0.0,9.5504,9.5217,9.5504,9.5217,,
2017-01-11,105316158.61,9.5118,0.0,9.5262,9.4975,9.5262,9.4975,,
2017-01-10,103411364.85,9.3528,0.0,9.3669,9.3388,9.3669,9.3388,,
2017-01-09,102570665.51,9.289,0.0,9.302999999999999,9.2751,9.302999999999999,9.2751,,
2017-01-06,102879377.83,9.3174,0.0,9.3315,9.3034,9.3315,9.3034,,
2017-01-05,103597088.46,9.3918,0.0,9.406,9.3777,9.406,9.3777,,
2017-01-04,102196822.17,9.2976,0.0,9.3116,9.2837,9.3116,9.2837,,
2016-12-30,101041239.04,9.202,0.0,9.2159,9.1882,9.2159,9.1882,,
2016-12-29,101008739.57,9.2005,0.0,9.2144,9.1867,9.2144,9.1867,,
2016-12-28,99378174.18,9.0747,0.0,9.0884,9.0611,9.0884,9.0611,,
2016-12-27,99601762.26,9.1243,0.0,9.1381,9.1106,9.1381,9.1106,,
2016-12-26,98661493.3,9.0894,0.0,9.1031,9.0758,9.1031,9.0758,,
2016-12-23,98661493.3,9.0894,0.0,9.1031,9.0758,9.1031,9.0758,,
2016-12-22,94611771.82,9.0544,0.0,9.0681,9.0408,9.0681,9.0408,,
2016-12-21,95552808.67,9.1459,0.0,9.1597,9.1322,9.1597,9.1322,,
2016-12-20,95943077.27,9.1709,0.0,9.1848,9.1571,9.1848,9.1571,,
2016-12-19,92527157.51,9.1748,0.0,9.1887,9.161,9.1887,9.161,,
2016-12-16,91737666.89,9.2418,0.0,9.2558,9.2279,9.2558,9.2279,,
2016-12-15,89674178.79,9.2573,0.0,9.2713,9.2434,9.2713,9.2434,,
2016-12-14,91080456.61,9.1824,0.0,9.1963,9.1686,9.1963,9.1686,,
2016-12-13,93474893.37,9.401,0.0,9.4152,9.3869,9.4152,9.3869,,
2016-12-09,97212845.88,9.4303,0.0,9.4445,9.4162,9.4445,9.4162,,
2016-12-08,100781184.89,9.4457,0.0,9.46,9.4315,9.46,9.4315,,
2016-12-07,94863996.4,9.3609,0.0,9.375,9.3469,9.375,9.3469,,
2016-12-06,96754984.81,9.3159,0.0,9.33,9.3019,9.33,9.3019,,
2016-12-02,92338585.45,9.1549,0.0,9.1687,9.1412,9.1687,9.1412,,
2016-12-01,93424134.24,9.228,0.0,9.2419,9.2142,9.2419,9.2142,,
2016-11-30,93208905.02,9.2709,0.0,9.2849,9.257,9.2849,9.257,,
2016-11-29,91104489.49,9.1883,0.0,9.2022,9.1745,9.2022,9.1745,,
2016-11-28,90023127.27,9.1508,0.0,9.1646,9.1371,9.1646,9.1371,,
2016-11-25,89011914.42,9.1753,0.0,9.1892,9.1615,9.1892,9.1615,,
2016-11-24,82529929.18,8.9867,0.0,9.0003,8.9732,9.0003,8.9732,,
2016-11-23,82529929.18,8.9867,0.0,9.0003,8.9732,9.0003,8.9732,,
2016-11-22,79850160.33,9.0798,0.0,9.0935,9.0662,9.0935,9.0662,,
2016-11-21,76043469.42,9.0517,0.0,9.0654,9.0381,9.0654,9.0381,,
2016-11-18,76213435.87,9.1455,0.0,9.1593,9.1318,9.1593,9.1318,,
2016-11-17,72865257.08,9.1883,0.0,9.2022,9.1745,9.2022,9.1745,,
2016-11-16,68702648.27,9.1838,0.0,9.1977,9.17,9.1977,9.17,,
2016-11-15,69981089.12,9.3741,0.0,9.3883,9.36,9.3883,9.36,,
2016-11-14,68974511.55,9.2888,0.0,9.3028,9.2749,9.3028,9.2749,,
2016-11-11,71691847.46,9.6561,0.0,9.6707,9.6416,9.6707,9.6416,,
2016-11-10,71691847.46,9.6561,0.0,9.6707,9.6416,9.6707,9.6416,,
2016-11-09,66924317.16,9.7929,0.0,9.8077,9.7782,9.8077,9.7782,,
2016-11-08,66335118.49,9.711,0.0,9.7257,9.6964,9.7257,9.6964,,
2016-11-07,67691051.59,9.9117,0.0,9.9267,9.8968,9.9267,9.8968,,
2016-11-04,65987313.01,9.6922,0.0,9.7068,9.6777,9.7068,9.6777,,
2016-11-03,66833495.18,9.8282,0.0,9.843,9.8135,9.843,9.8135,,
2016-11-02,66545483.45,9.7961,0.0,9.8109,9.7814,9.8109,9.7814,,
2016-11-01,67204563.87,9.9181,0.0,9.9331,9.9032,9.9331,9.9032,,
2016-10-31,67350214.12,9.9411,0.0,9.9561,9.9262,9.9561,9.9262,,
2016-10-28,67303928.02,9.9357,0.0,9.9507,9.9208,9.9507,9.9208,,
2016-10-27,66488634.8,9.8861,0.0,9.901,9.8713,9.901,9.8713,,
2016-10-26,66837348.18,9.9417,0.0,9.9567,9.9268,9.9567,9.9268,,
2016-10-25,67257691.0,10.0057,0.0,10.0208,9.9907,10.0208,9.9907,,
2016-10-21,67344921.06,10.0172,0.0,10.0323,10.0022,10.0323,10.0022,,
2016-10-20,67998083.54,10.0406,0.0,10.0558,10.0255,10.0558,10.0255,,
2016-10-19,68504716.26,10.04,0.0,10.0552,10.0249,10.0552,10.0249,,
2016-10-18,68611653.38,10.0525,0.0,10.0677,10.0374,10.0677,10.0374,,
2016-10-17,64385949.91,9.8759,0.0,9.8908,9.8611,9.8908,9.8611,,
2016-10-14,64544478.29,9.9247,0.0,9.9397,9.9098,9.9397,9.9098,,
2016-10-13,64133091.67,9.918,0.0,9.933,9.9031,9.933,9.9031,,
2016-10-12,65684568.1,10.021,0.0,10.0361,10.006,10.0361,10.006,,
2016-10-11,65484465.24,10.0266,0.0,10.0417,10.0116,10.0417,10.0116,,
2016-10-10,62506749.8,10.0649,0.0,10.0801,10.0498,10.0801,10.0498,,
2016-10-07,62506749.8,10.0649,0.0,10.0801,10.0498,10.0801,10.0498,,
2016-10-06,62785122.69,10.0661,0.0,10.0813,10.051,10.0813,10.051,,
2016-10-05,63123592.36,10.1202,0.0,10.1355,10.105,10.1355,10.105,,
2016-10-04,66050567.68,10.0975,0.0,10.1127,10.0824,10.1127,10.0824,,
2016-10-03,66233836.23,10.1454,0.0,10.1607,10.1302,10.1607,10.1302,,
2016-09-30,64643459.52,9.9893,0.0,10.0044,9.9743,10.0044,9.9743,,
2016-09-29,60338980.41,9.857999999999999,0.0,9.8729,9.8432,9.8729,9.8432,,
2016-09-28,62021534.03,10.217,0.0,10.2324,10.2017,10.2324,10.2017,,
2016-09-27,61386697.95,10.1198,0.0,10.1351,10.1046,10.1351,10.1046,,
2016-09-26,60974791.69,10.0386,0.0,10.0538,10.0235,10.0538,10.0235,,
2016-09-23,59387927.51,10.1641,0.0,10.1794,10.1489,10.1794,10.1489,,
2016-09-22,60270958.45,10.3064,0.0,10.322000000000001,10.2909,10.322000000000001,10.2909,,
2016-09-21,56980557.81,10.255999999999998,0.0,10.2715,10.2406,10.2715,10.2406,,
2016-09-20,55951148.46,10.0725,0.0,10.0877,10.0574,10.0877,10.0574,,
2016-09-19,56594598.51,10.1155,0.0,10.1308,10.1003,10.1308,10.1003,,
2016-09-16,56651181.94,10.0706,0.0,10.0858,10.0555,10.0858,10.0555,,
2016-09-15,57026203.95,10.1362,0.0,10.1515,10.121,10.1515,10.121,,
2016-09-14,56230051.36,10.0226,0.0,10.0377,10.0076,10.0377,10.0076,,
2016-09-13,55985339.87,9.9694,0.0,9.9845,9.9544,9.9845,9.9544,,
2016-09-12,58870684.72,10.1551,0.0,10.1704,10.1399,10.1704,10.1399,,
2016-09-09,54828621.91,10.0666,0.0,10.0818,10.0515,10.0818,10.0515,,
2016-09-08,56561116.16,10.3217,0.0,10.3373,10.3062,10.3373,10.3062,,
2016-09-07,56897872.2,10.3375,0.0,10.3531,10.322000000000001,10.3531,10.322000000000001,,
2016-09-06,59706147.9,10.3933,0.0,10.409,10.3777,10.409,10.3777,,
2016-09-05,61350221.36,10.2576,0.0,10.2731,10.2422,10.2731,10.2422,,
2016-09-02,61350221.36,10.2576,0.0,10.2731,10.2422,10.2731,10.2422,,
2016-09-01,60678718.56,10.1368,0.0,10.1521,10.1216,10.1521,10.1216,,
2016-08-31,62319330.47,10.0759,0.0,10.0911,10.0608,10.0911,10.0608,,
2016-08-30,62887800.62,10.0193,0.0,10.0344,10.0043,10.0344,10.0043,,
2016-08-29,62400577.45,9.9258,0.0,9.9408,9.9109,9.9408,9.9109,,
2016-08-26,60753346.63,9.825,0.0,9.8398,9.8103,9.8398,9.8103,,
2016-08-25,60959046.17,9.9156,0.0,9.9306,9.9007,9.9306,9.9007,,
2016-08-24,65207588.6,9.9562,0.0,9.9712,9.9413,9.9712,9.9413,,
2016-08-23,64794086.58,9.8953,0.0,9.9102,9.8805,9.9102,9.8805,,
2016-08-22,66122231.06,9.87,0.0,9.8849,9.8552,9.8849,9.8552,,
2016-08-19,66997863.67,9.9952,0.0,10.0103,9.9802,10.0103,9.9802,,
2016-08-18,67001648.01,10.0189,0.0,10.033999999999999,10.0039,10.033999999999999,10.0039,,
2016-08-17,66279512.06,9.9325,0.0,9.9475,9.9176,9.9475,9.9176,,
2016-08-16,66381926.15,9.9434,0.0,9.9584,9.9285,9.9584,9.9285,,
2016-08-15,67125567.65,10.0563,0.0,10.0715,10.0412,10.0715,10.0412,,
2016-08-11,67001277.43,10.0239,0.0,10.039,10.0089,10.039,10.0089,,
2016-08-10,67227681.78,9.8946,0.0,9.9095,9.8798,9.9095,9.8798,,
2016-08-09,68187470.16,10.0279,0.0,10.043,10.0129,10.043,10.0129,,
2016-08-08,68275961.11,10.0504,0.0,10.0656,10.0353,10.0656,10.0353,,
2016-08-05,67373400.54,10.0494,0.0,10.0646,10.0343,10.0646,10.0343,,
2016-08-04,66388942.29,9.9107,0.0,9.9257,9.8958,9.9257,9.8958,,
2016-08-03,66654018.32,9.9503,0.0,9.9653,9.9354,9.9653,9.9354,,
2016-08-02,66642246.66,9.9614,0.0,9.9764,9.9465,9.9764,9.9465,,
2016-08-01,66498441.13,9.9414,0.0,9.9564,9.9265,9.9564,9.9265,,
2016-07-29,66852700.92,9.9974,0.0,10.0125,9.9824,10.0125,9.9824,,
2016-07-28,66526156.66,9.9791,0.0,9.9942,9.9641,9.9942,9.9641,,
2016-07-27,66087452.04,9.9328,0.0,9.9478,9.9179,9.9478,9.9179,,
2016-07-26,65449747.71,9.8408,0.0,9.8557,9.826,9.8557,9.826,,
2016-07-25,65814338.74,9.8649,0.0,9.8798,9.8501,9.8798,9.8501,,
2016-07-21,67183514.39,9.777000000000001,0.0,9.7918,9.7623,9.7918,9.7623,,
2016-07-20,67983584.27,9.8654,0.0,9.8803,9.8506,9.8803,9.8506,,
2016-07-15,68009283.7,9.855,0.0,9.8699,9.8402,9.8699,9.8402,,
2016-07-14,68626704.89,9.9164,0.0,9.9314,9.9015,9.9314,9.9015,,
2016-07-13,68495096.62,9.8219,0.0,9.8367,9.8072,9.8367,9.8072,,
2016-07-12,69277989.17,9.8688,0.0,9.8837,9.854,9.8837,9.854,,
2016-07-11,66649725.26,9.7764,0.0,9.7912,9.7617,9.7912,9.7617,,
2016-07-08,66008641.31,9.6824,0.0,9.697000000000001,9.6679,9.697000000000001,9.6679,,
2016-07-07,65027647.2,9.5332,0.0,9.5476,9.5189,9.5476,9.5189,,
2016-07-06,65191415.19,9.5512,0.0,9.5656,9.5369,9.5656,9.5369,,
2016-07-05,65199648.13,9.5185,0.0,9.5329,9.5042,9.5329,9.5042,,
2016-07-04,65353642.23,9.5409,0.0,9.5553,9.5266,9.5553,9.5266,,
2016-06-30,65353642.23,9.5409,0.0,9.5553,9.5266,9.5553,9.5266,,
2016-06-29,65130000.26,9.5075,0.0,9.5219,9.4932,9.5219,9.4932,,
2016-06-28,63910180.77,9.3424,0.0,9.3565,9.3284,9.3565,9.3284,,
2016-06-27,63043234.46,9.1749,0.0,9.1888,9.1611,9.1888,9.1611,,
2016-06-24,63854827.17,9.1792,0.0,9.1931,9.1654,9.1931,9.1654,,
2016-06-23,66844375.1,9.6075,0.0,9.622,9.5931,9.622,9.5931,,
2016-06-22,65357056.15,9.3952,0.0,9.4094,9.3811,9.4094,9.3811,,
2016-06-21,65976230.18,9.4129,0.0,9.4271,9.3988,9.4271,9.3988,,
2016-06-20,66293979.71,9.4533,0.0,9.4676,9.4391,9.4676,9.4391,,
2016-06-17,66811726.14,9.4399,0.0,9.4542,9.4257,9.4542,9.4257,,
2016-06-16,66667323.61,9.4203,0.0,9.4345,9.4062,9.4345,9.4062,,
2016-06-15,70034026.28,9.4871,0.0,9.5014,9.4729,9.5014,9.4729,,
2016-06-14,68778397.56,9.317,0.0,9.3311,9.302999999999999,9.3311,9.302999999999999,,
2016-06-13,68750907.67,9.3187,0.0,9.3328,9.3047,9.3328,9.3047,,
2016-06-10,69117318.95,9.4241,0.0,9.4383,9.41,9.4383,9.41,,
2016-06-09,69318531.84,9.5196,0.0,9.533999999999999,9.5053,9.533999999999999,9.5053,,
2016-06-08,70540712.16,9.6594,0.0,9.674,9.6449,9.674,9.6449,,
2016-06-07,70345304.25,9.6211,0.0,9.6356,9.6067,9.6356,9.6067,,
2016-06-06,69833181.58,9.5531,0.0,9.5675,9.5388,9.5675,9.5388,,
2016-06-03,69679500.05,9.5613,0.0,9.5757,9.547,9.5757,9.547,,
2016-06-02,69243386.72,9.5015,0.0,9.5159,9.4872,9.5159,9.4872,,
2016-06-01,68639650.06,9.4063,0.0,9.4205,9.3922,9.4205,9.3922,,
2016-05-31,69000061.48,9.4116,0.0,9.4258,9.3975,9.4258,9.3975,,
2016-05-30,69560466.87,9.4387,0.0,9.453,9.4245,9.453,9.4245,,
2016-05-27,69560466.87,9.4387,0.0,9.453,9.4245,9.453,9.4245,,
2016-05-26,69584526.19,9.3448,0.0,9.3589,9.3308,9.3589,9.3308,,
2016-05-25,68245124.5,9.1663,0.0,9.1801,9.1526,9.1801,9.1526,,
2016-05-24,66403595.47,8.919,0.0,8.9325,8.9056,8.9325,8.9056,,
2016-05-23,65868974.97,8.8492,0.0,8.8626,8.8359,8.8626,8.8359,,
2016-05-19,66113368.3,8.8827,0.0,8.8961,8.8694,8.8961,8.8694,,
2016-05-18,67074239.21,9.0118,0.0,9.0254,8.9983,9.0254,8.9983,,
2016-05-17,67272024.47,9.0384,0.0,9.0521,9.0248,9.0521,9.0248,,
2016-05-16,67528531.1,9.0723,0.0,9.086,9.0587,9.086,9.0587,,
2016-05-13,66532737.75,8.9385,0.0,8.952,8.9251,8.952,8.9251,,
2016-05-12,67626312.7,9.0854,0.0,9.0991,9.0718,9.0991,9.0718,,
2016-05-11,67793121.62,9.081,0.0,9.0947,9.0674,9.0947,9.0674,,
2016-05-10,68110018.23,9.1234,0.0,9.1372,9.1097,9.1372,9.1097,,
2016-05-09,67359063.15,9.0256,0.0,9.0392,9.0121,9.0392,9.0121,,
2016-05-04,66502320.36,8.8615,0.0,8.8749,8.8482,8.8749,8.8482,,
2016-05-03,66805978.25,8.9019,0.0,8.9154,8.8885,8.9154,8.8885,,
2016-04-29,68299754.76,9.1012,0.0,9.115,9.0875,9.115,9.0875,,
2016-04-28,68387450.63,9.126,0.0,9.1398,9.1123,9.1398,9.1123,,
2016-04-27,69862479.57,9.3295,0.0,9.3436,9.3155,9.3436,9.3155,,
2016-04-26,70305910.39,9.2506,0.0,9.2646,9.2367,9.2646,9.2367,,
2016-04-25,69045419.21,9.0847,0.0,9.0984,9.0711,9.0984,9.0711,,
2016-04-22,69511504.8,9.1433,0.0,9.1571,9.1296,9.1571,9.1296,,
2016-04-21,69538864.21,9.1427,0.0,9.1565,9.129,9.1565,9.129,,
2016-04-20,70561593.46,9.2334,0.0,9.2474,9.2195,9.2474,9.2195,,
2016-04-19,71167146.21,9.3152,0.0,9.3293,9.3012,9.3293,9.3012,,
2016-04-18,70303833.56,9.2002,0.0,9.2141,9.1864,9.2141,9.1864,,
2016-04-12,68929302.74,9.0204,0.0,9.033999999999999,9.0069,9.033999999999999,9.0069,,
2016-04-11,67996772.21,8.8996,0.0,8.913,8.8863,8.913,8.8863,,
2016-04-08,66912770.98,8.7591,0.0,8.7723,8.746,8.7723,8.746,,
2016-04-07,66732749.11,8.6988,0.0,8.7119,8.6858,8.7119,8.6858,,
2016-04-05,67674874.43,8.8216,0.0,8.8349,8.8084,8.8349,8.8084,,
2016-04-04,69371643.1,9.0428,0.0,9.0565,9.0292,9.0565,9.0292,,
2016-04-01,69697632.99,9.0612,0.0,9.0749,9.0476,9.0749,9.0476,,
2016-03-31,70232625.33,9.0697,0.0,9.0834,9.0561,9.0834,9.0561,,
2016-03-30,70112531.29,9.0555,0.0,9.0692,9.0419,9.0692,9.0419,,
2016-03-29,69321036.68,8.9525,0.0,8.966000000000003,8.9391,8.966000000000003,8.9391,,
2016-03-28,68782632.04,8.874,0.0,8.8874,8.8607,8.8874,8.8607,,
2016-03-25,69047234.53,8.9081,0.0,8.9216,8.8947,8.9216,8.8947,,
2016-03-24,69047234.53,8.9081,0.0,8.9216,8.8947,8.9216,8.8947,,
2016-03-23,68961141.36,8.8983,0.0,8.9117,8.885,8.9117,8.885,,
2016-03-22,69292813.43,8.9424,0.0,8.9559,8.929,8.9559,8.929,,
2016-03-21,69491263.11,8.968,0.0,8.9816,8.9545,8.9816,8.9545,,
2016-03-18,68734121.88,8.8703,0.0,8.8837,8.857000000000003,8.8837,8.857000000000003,,
2016-03-17,68047670.04,8.7836,0.0,8.7969,8.7704,8.7969,8.7704,,
2016-03-16,68103348.94,8.7908,0.0,8.8041,8.7776,8.8041,8.7776,,
2016-03-15,66694771.33,8.609,0.0,8.622,8.5961,8.622,8.5961,,
2016-03-14,67398466.51,8.6998,0.0,8.7129,8.6868,8.7129,8.6868,,
2016-03-11,67768241.85,8.7464,0.0,8.7596,8.7333,8.7596,8.7333,,
2016-03-10,66311457.86,8.6229,0.0,8.6359,8.61,8.6359,8.61,,
2016-03-09,66812177.32,8.6867,0.0,8.6998,8.6737,8.6998,8.6737,,
2016-03-08,65413324.31,8.5697,0.0,8.5827,8.5568,8.5827,8.5568,,
2016-03-07,66263458.73,8.7197,0.0,8.7329,8.7066,8.7329,8.7066,,
2016-03-04,67067850.91,8.7581,0.0,8.7713,8.745,8.7713,8.745,,
2016-03-03,66050950.86,8.6245,0.0,8.6375,8.6116,8.6375,8.6116,,
2016-03-02,69307406.86,8.5791,0.0,8.5921,8.5662,8.5921,8.5662,,
2016-03-01,68097429.47,8.4037,0.0,8.4164,8.3911,8.4164,8.3911,,
2016-02-29,64869694.67,8.0078,0.0,8.0199,7.9958,8.0199,7.9958,,
2016-02-26,63740098.58,7.93,0.0,7.942,7.9181,7.942,7.9181,,
2016-02-25,64201873.1,7.9887,0.0,8.0008,7.9767,8.0008,7.9767,,
2016-02-24,64583706.35,8.0387,0.0,8.0509,8.0266,8.0509,8.0266,,
2016-02-23,64733099.15,8.0654,0.0,8.0776,8.0533,8.0776,8.0533,,
2016-02-19,65272816.85,8.1326,0.0,8.1449,8.1204,8.1449,8.1204,,
2016-02-18,65284090.29,8.134,0.0,8.1463,8.1218,8.1463,8.1218,,
2016-02-17,65750769.9,8.1934,0.0,8.2058,8.1811,8.2058,8.1811,,
2016-02-16,64597184.21,8.0511,0.0,8.0633,8.039,8.0633,8.039,,
2016-02-15,64485330.4,8.0384,0.0,8.0506,8.0263,8.0506,8.0263,,
2016-02-12,64485330.4,8.0384,0.0,8.0506,8.0263,8.0506,8.0263,,
2016-02-11,63859323.4,7.9654,0.0,7.9774,7.9535,7.9774,7.9535,,
2016-02-10,65815680.27,8.2107,0.0,8.2231,8.1984,8.2231,8.1984,,
2016-02-09,66800378.01,8.3348,0.0,8.3474,8.3223,8.3474,8.3223,,
2016-02-08,67654399.04,8.4432,0.0,8.456,8.4305,8.456,8.4305,,
2016-02-05,68260400.25,8.5214,0.0,8.5343,8.5086,8.5343,8.5086,,
2016-02-04,68426668.79,8.5434,0.0,8.5563,8.5306,8.5563,8.5306,,
2016-02-03,68390838.48,8.5396,0.0,8.5525,8.5268,8.5525,8.5268,,
2016-02-02,67604755.55,8.4408,0.0,8.4536,8.4281,8.4536,8.4281,,
2016-02-01,69335881.07,8.6644,0.0,8.6775,8.6514,8.6775,8.6514,,
2016-01-29,69925384.59,8.7394,0.0,8.7526,8.7263,8.7526,8.7263,,
2016-01-28,67964646.92,8.4949,0.0,8.5077,8.4822,8.5077,8.4822,,
2016-01-27,67159486.23,8.4554,0.0,8.4682,8.4427,8.4682,8.4427,,
2016-01-26,67881432.39,8.5482,0.0,8.5611,8.5354,8.5611,8.5354,,
2016-01-25,66980738.72,8.436,0.0,8.4488,8.4233,8.4488,8.4233,,
2016-01-22,68003098.86,8.5643,0.0,8.5772,8.5515,8.5772,8.5515,,
2016-01-21,66309846.04,8.3536,0.0,8.3662,8.3411,8.3662,8.3411,,
2016-01-20,66234104.05,8.3472,0.0,8.3598,8.3347,8.3598,8.3347,,
2016-01-19,67118909.85,8.46,0.0,8.4728,8.4473,8.4728,8.4473,,
2016-01-18,67219163.04,8.4745,0.0,8.4873,8.4618,8.4873,8.4618,,
2016-01-15,67219163.04,8.4745,0.0,8.4873,8.4618,8.4873,8.4618,,
2016-01-14,69124189.81,8.7178,0.0,8.731,8.7047,8.731,8.7047,,
2016-01-13,68586784.36,8.6639,0.0,8.677,8.6509,8.677,8.6509,,
2016-01-12,69282143.46,8.7549,0.0,8.7681,8.7418,8.7681,8.7418,,
2016-01-11,70477257.13,8.7781,0.0,8.7914,8.7649,8.7914,8.7649,,
2016-01-08,69665943.03,8.6777,0.0,8.6908,8.6647,8.6908,8.6647,,
2016-01-07,69824637.88,8.6956,0.0,8.7087,8.6826,8.7087,8.6826,,
2016-01-06,72041062.34,8.9729,0.0,8.9865,8.9594,8.9865,8.9594,,
2016-01-05,73008631.44,9.0934,0.0,9.1071,9.0798,9.1071,9.0798,,
2016-01-04,72663044.31,9.0485,0.0,9.0622,9.0349,9.0622,9.0349,,
2015-12-30,73650520.5,9.1721,0.0,9.186,9.1583,9.186,9.1583,,
2015-12-29,74219404.02,9.2424,0.0,9.2564,9.2285,9.2564,9.2285,,
2015-12-28,74146151.39,9.2329,0.0,9.2468,9.2191,9.2468,9.2191,,
2015-12-25,74231913.23,9.238,0.0,9.252,9.2241,9.252,9.2241,,
2015-12-24,74231913.23,9.238,0.0,9.252,9.2241,9.252,9.2241,,
2015-12-23,74290569.6,9.2453,0.0,9.2593,9.2314,9.2593,9.2314,,
2015-12-22,73530502.35,9.1371,0.0,9.1509,9.1234,9.1509,9.1234,,
2015-12-21,73717023.36,9.1615,0.0,9.1753,9.1478,9.1753,9.1478,,
2015-12-18,72854257.21,9.0574,0.0,9.0711,9.0438,9.0711,9.0438,,
2015-12-17,72976409.37,9.0745,0.0,9.0882,9.0609,9.0882,9.0609,,
2015-12-16,72916146.27,9.0691,0.0,9.0828,9.0555,9.0828,9.0555,,
2015-12-15,71673006.61,8.9163,0.0,8.9298,8.9029,8.9298,8.9029,,
2015-12-14,70987315.11,8.8208,0.0,8.8341,8.8076,8.8341,8.8076,,
2015-12-11,69853660.27,8.6758,0.0,8.6889,8.6628,8.6889,8.6628,,
2015-12-09,70940682.86,8.8133,0.0,8.8266,8.8001,8.8266,8.8001,,
2015-12-08,71425419.31,8.8813,0.0,8.8947,8.868,8.8947,8.868,,
2015-12-04,73187650.99,9.1085,0.0,9.1223,9.0948,9.1223,9.0948,,
2015-12-03,72306847.84,8.9995,0.0,9.0131,8.986,9.0131,8.986,,
2015-12-02,73244444.73,9.1149,0.0,9.1287,9.1012,9.1287,9.1012,,
2015-12-01,74477729.5,9.2703,0.0,9.2843,9.2564,9.2843,9.2564,,
2015-11-30,73687023.08,9.2335,0.0,9.2475,9.2196,9.2475,9.2196,,
2015-11-27,74565702.96,9.1465,0.0,9.1603,9.1328,9.1603,9.1328,,
2015-11-26,74436146.23,9.1374,0.0,9.1512,9.1237,9.1512,9.1237,,
2015-11-25,74436146.23,9.1374,0.0,9.1512,9.1237,9.1512,9.1237,,
2015-11-24,74456050.49,9.1416,0.0,9.1554,9.1279,9.1554,9.1279,,
2015-11-23,74173729.32,9.1093,0.0,9.1231,9.0956,9.1231,9.0956,,
2015-11-20,74363102.84,9.1964,0.0,9.2103,9.1826,9.2103,9.1826,,
2015-11-19,73817690.59,9.1678,0.0,9.1817,9.154,9.1817,9.154,,
2015-11-18,72929854.23,9.1512,0.0,9.165,9.1375,9.165,9.1375,,
2015-11-17,73258682.07,9.1728,0.0,9.1867,9.158999999999999,9.1867,9.158999999999999,,
2015-11-16,73824250.24,9.2436,0.0,9.2576,9.2297,9.2576,9.2297,,
2015-11-13,71862546.72,9.0214,0.0,9.035,9.0079,9.035,9.0079,,
2015-11-12,67771115.12,9.0301,0.0,9.0437,9.0166,9.0437,9.0166,,
2015-11-11,68312033.75,9.1319,0.0,9.1457,9.1182,9.1457,9.1182,,
2015-11-10,68189666.38,9.0968,0.0,9.1105,9.0832,9.1105,9.0832,,
2015-11-09,68312033.75,9.1319,0.0,9.1457,9.1182,9.1457,9.1182,,
2015-11-06,69937531.25,9.3473,0.0,9.3614,9.3333,9.3614,9.3333,,
2015-11-05,69953127.73,9.3494,0.0,9.3635,9.3354,9.3635,9.3354,,
2015-11-04,69414940.32,9.4116,0.0,9.4258,9.3975,9.4258,9.3975,,
2015-11-03,70170069.58,9.5275,0.0,9.5419,9.5132,9.5419,9.5132,,
2015-11-02,70208310.59,9.5374,0.0,9.5518,9.5231,9.5518,9.5231,,
2015-10-30,69547251.44,9.4527,0.0,9.467,9.4385,9.467,9.4385,,
2015-10-29,69149450.23,9.535,0.0,9.5494,9.5207,9.5494,9.5207,,
2015-10-28,69692073.24,9.6332,0.0,9.6477,9.6188,9.6477,9.6188,,
2015-10-27,70447586.66,9.7411,0.0,9.7558,9.7265,9.7558,9.7265,,
2015-10-26,71284247.87,9.8364,0.0,9.8513,9.8216,9.8513,9.8216,,
2015-10-22,71746117.06,9.9001,0.0,9.9151,9.8852,9.9151,9.8852,,
2015-10-21,70480952.6,9.7262,0.0,9.7409,9.7116,9.7409,9.7116,,
2015-10-20,71170388.5,9.8214,0.0,9.8362,9.8067,9.8362,9.8067,,
2015-10-19,71117290.29,9.8145,0.0,9.8293,9.7998,9.8293,9.7998,,
2015-10-16,71720516.01,9.8992,0.0,9.9141,9.8844,9.9141,9.8844,,
2015-10-15,70747581.44,9.7613,0.0,9.776,9.7467,9.776,9.7467,,
2015-10-14,69541453.49,9.6087,0.0,9.6232,9.5943,9.6232,9.5943,,
2015-10-13,69616211.97,9.5973,0.0,9.6118,9.5829,9.6118,9.5829,,
2015-10-12,73317359.08,9.8216,0.0,9.8364,9.8069,9.8364,9.8069,,
2015-10-09,73317359.08,9.8216,0.0,9.8364,9.8069,9.8364,9.8069,,
2015-10-08,73265628.38,9.8181,0.0,9.8329,9.8034,9.8329,9.8034,,
2015-10-07,74233868.61,9.8045,0.0,9.8193,9.7898,9.8193,9.7898,,
2015-10-06,73526045.6,9.7111,0.0,9.7258,9.6965,9.7258,9.6965,,
2015-10-05,74380215.39,9.821,0.0,9.8358,9.8063,9.8358,9.8063,,
2015-10-02,72971433.78,9.5607,0.0,9.5751,9.5464,9.5751,9.5464,,
2015-10-01,71813892.38,9.3817,0.0,9.3959,9.3676,9.3959,9.3676,,
2015-09-30,72220376.34,9.4465,0.0,9.4608,9.4323,9.4608,9.4323,,
2015-09-29,70048844.87,9.1738,0.0,9.1877,9.16,9.1877,9.16,,
2015-09-28,68945552.88,9.0293,0.0,9.0429,9.0158,9.0429,9.0158,,
2015-09-25,71344956.17,9.2103,0.0,9.2242,9.1965,9.2242,9.1965,,
2015-09-24,71093267.38,9.2036,0.0,9.2175,9.1898,9.2175,9.1898,,
2015-09-23,70677626.32,9.152999999999999,0.0,9.1668,9.1393,9.1668,9.1393,,
2015-09-22,69795803.82,9.1617,0.0,9.1755,9.148,9.1755,9.148,,
2015-09-21,69531926.03,9.4049,0.0,9.4191,9.3908,9.4191,9.3908,,
2015-09-18,68719991.36,9.2964,0.0,9.3104,9.2825,9.3104,9.2825,,
2015-09-17,69820532.78,9.4305,0.0,9.4447,9.4164,9.4447,9.4164,,
2015-09-16,71801086.43,9.3862,0.0,9.4004,9.3721,9.4004,9.3721,,
2015-09-15,70423826.71,9.2133,0.0,9.2272,9.1995,9.2272,9.1995,,
2015-09-14,70121985.15,9.1906,0.0,9.2045,9.1768,9.2045,9.1768,,
2015-09-11,69995171.75,9.1805,0.0,9.1944,9.1667,9.1944,9.1667,,
2015-09-10,69267549.94,9.0864,0.0,9.1001,9.0728,9.1001,9.0728,,
2015-09-09,68005092.19,8.993,0.0,9.0066,8.9795,9.0066,8.9795,,
2015-09-08,66955123.61,9.0404,0.0,9.0541,9.0268,9.0541,9.0268,,
2015-09-07,63254107.75,8.8265,0.0,8.8398,8.8133,8.8398,8.8133,,
2015-09-04,63254107.75,8.8265,0.0,8.8398,8.8133,8.8398,8.8133,,
2015-09-03,65512582.3,9.1514,0.0,9.1652,9.1377,9.1652,9.1377,,
2015-09-02,64911130.6,9.0807,0.0,9.0944,9.0671,9.0944,9.0671,,
2015-09-01,61179659.19,8.9603,0.0,8.9738,8.9469,8.9738,8.9469,,
2015-08-31,63371292.81,9.2813,0.0,9.2953,9.2674,9.2953,9.2674,,
