nav_date,net_asset,last_val,previous_val,sell_price,buy_price,sell_swap_price,buy_swap_price,remark_th,remark_en
2019-11-26,1599941850.41,16.0079,16.0079,0.0,0.0,0.0,0.0,NAV ล่าสุด ณ วันที่ 04/09/2019, 
2019-11-22,1599941850.41,16.0079,16.0079,0.0,0.0,0.0,0.0,NAV ล่าสุด ณ วันที่ 04/09/2019, 
2019-11-19,1599941850.41,16.0079,16.0079,0.0,0.0,0.0,0.0,NAV ล่าสุด ณ วันที่ 04/09/2019, 
2019-11-08,1599941850.41,16.0079,16.0079,0.0,0.0,0.0,0.0,NAV ล่าสุด ณ วันที่ 04/09/2019, 
2019-11-07,1599941850.41,16.0079,16.0079,0.0,0.0,0.0,0.0,NAV ล่าสุด ณ วันที่ 04/09/2019, 
2019-11-01,1599941850.41,16.0079,16.0079,0.0,0.0,0.0,0.0,NAV ล่าสุด ณ วันที่ 04/09/2019, 
2019-10-24,1599941850.41,16.0079,16.0079,0.0,0.0,0.0,0.0,NAV ล่าสุด ณ วันที่ 04/09/2019, 
2019-10-22,1599941850.41,16.0079,16.0079,0.0,0.0,0.0,0.0,NAV ล่าสุด ณ วันที่ 04/09/2019, 
2019-10-21,1599941850.41,16.0079,16.0079,0.0,0.0,0.0,0.0,NAV ล่าสุด ณ วันที่ 04/09/2019, 
2019-10-18,1599941850.41,16.0079,16.0079,0.0,0.0,0.0,0.0,NAV ล่าสุด ณ วันที่ 04/09/2019, 
2019-10-17,1599941850.41,16.0079,16.0079,0.0,0.0,0.0,0.0,NAV ล่าสุด ณ วันที่ 04/09/2019, 
2019-10-16,1599941850.41,16.0079,16.0079,0.0,0.0,0.0,0.0,NAV ล่าสุด ณ วันที่ 04/09/2019, 
2019-10-15,1599941850.41,16.0079,16.0079,0.0,0.0,0.0,0.0,NAV ล่าสุด ณ วันที่ 04/09/2019, 
2019-10-11,1599941850.41,16.0079,16.0079,0.0,0.0,0.0,0.0,NAV ล่าสุด ณ วันที่ 04/09/2019, 
2019-10-10,1599941850.41,16.0079,16.0079,0.0,0.0,0.0,0.0,NAV ล่าสุด ณ วันที่ 04/09/2019, 
2019-10-09,1599941850.41,16.0079,16.0079,0.0,0.0,0.0,0.0,NAV ล่าสุด ณ วันที่ 04/09/2019, 
2019-10-08,1599941850.41,16.0079,16.0079,0.0,0.0,0.0,0.0,NAV ล่าสุด ณ วันที่ 04/09/2019, 
2019-10-07,1599941850.41,16.0079,16.0079,0.0,0.0,0.0,0.0,NAV ล่าสุด ณ วันที่ 04/09/2019, 
2019-10-04,1599941850.41,16.0079,16.0079,0.0,0.0,0.0,0.0,NAV ล่าสุด ณ วันที่ 04/09/2019, 
2019-10-03,1599941850.41,16.0079,16.0079,0.0,0.0,0.0,0.0,NAV ล่าสุด ณ วันที่ 04/09/2019, 
2019-10-02,1599941850.41,16.0079,16.0079,0.0,0.0,0.0,0.0,NAV ล่าสุด ณ วันที่ 04/09/2019, 
2019-10-01,1599941850.41,16.0079,16.0079,0.0,0.0,0.0,0.0,NAV ล่าสุด ณ วันที่ 04/09/2019, 
2019-09-26,1599941850.41,16.0079,16.0079,0.0,0.0,0.0,0.0,NAV ล่าสุด ณ วันที่ 04/09/2019, 
2019-09-25,1599941850.41,16.0079,16.0079,0.0,0.0,0.0,0.0,NAV ล่าสุด ณ วันที่ 04/09/2019, 
2019-09-24,1599941850.41,16.0079,16.0079,0.0,0.0,0.0,0.0,NAV ล่าสุด ณ วันที่ 04/09/2019, 
2019-09-23,1599941850.41,16.0079,16.0079,0.0,0.0,0.0,0.0,NAV ล่าสุด ณ วันที่ 04/09/2019, 
2019-09-20,1599941850.41,16.0079,16.0079,0.0,0.0,0.0,0.0,NAV ล่าสุด ณ วันที่ 04/09/2019, 
2019-09-19,1599941850.41,16.0079,16.0079,0.0,0.0,0.0,0.0,NAV ล่าสุด ณ วันที่ 04/09/2019, 
2019-09-18,1599941850.41,16.0079,16.0079,0.0,0.0,0.0,0.0,NAV ล่าสุด ณ วันที่ 04/09/2019, 
2019-09-17,1599941850.41,16.0079,16.0079,0.0,0.0,0.0,0.0,NAV ล่าสุด ณ วันที่ 04/09/2019, 
2019-09-16,1599941850.41,16.0079,16.0079,0.0,0.0,0.0,0.0,NAV ล่าสุด ณ วันที่ 04/09/2019, 
2019-09-13,1599941850.41,16.0079,16.0079,0.0,0.0,0.0,0.0,NAV ล่าสุด ณ วันที่ 04/09/2019, 
2019-09-12,1599941850.41,16.0079,16.0079,0.0,0.0,0.0,0.0,NAV ล่าสุด ณ วันที่ 04/09/2019, 
2019-09-11,1599941850.41,16.0079,16.0079,0.0,0.0,0.0,0.0,NAV ล่าสุด ณ วันที่ 04/09/2019, 
2019-09-10,1599941850.41,16.0079,16.0079,0.0,0.0,0.0,0.0,NAV ล่าสุด ณ วันที่ 04/09/2019, 
2019-09-09,1599941850.41,16.0079,16.0079,0.0,0.0,0.0,0.0,NAV ล่าสุด ณ วันที่ 04/09/2019, 
2019-09-06,1599941850.41,16.0079,16.0104,0.0,0.0,0.0,0.0,NAV ล่าสุด ณ วันที่ 04/09/2019, 
2019-09-05,1600188340.7,16.0104,16.0104,0.0,0.0,0.0,0.0,NAV ล่าสุด ณ วันที่ 30/08/2019, 
2019-09-04,1600188340.7,16.0104,16.0104,0.0,0.0,0.0,0.0,NAV ล่าสุด ณ วันที่ 30/08/2019, 
2019-09-03,1600188340.7,16.0104,16.0765,0.0,0.0,0.0,0.0,NAV ล่าสุด ณ วันที่ 30/08/2019, 
2019-09-02,1606791361.52,16.0765,16.0104,0.0,0.0,0.0,0.0,NAV ล่าสุด ณ วันที่ 23/08/2019, 
2019-08-30,1606791361.52,16.0765,16.0765,0.0,0.0,0.0,0.0,NAV ล่าสุด ณ วันที่ 23/08/2019, 
2019-08-29,1606791361.52,16.0765,16.0765,0.0,0.0,0.0,0.0,NAV ล่าสุด ณ วันที่ 23/08/2019, 
2019-08-28,1606791361.52,16.0765,16.0765,0.0,0.0,0.0,0.0,NAV ล่าสุด ณ วันที่ 23/08/2019, 
2019-08-27,1606791361.52,16.0765,16.124000000000002,0.0,0.0,0.0,0.0,NAV ล่าสุด ณ วันที่ 23/08/2019, 
2019-08-26,1611544426.88,16.124000000000002,16.124000000000002,0.0,0.0,0.0,0.0,NAV ล่าสุด ณ วันที่ 16/08/2019, 
2019-08-23,1611544426.88,16.124000000000002,16.124000000000002,0.0,0.0,0.0,0.0,NAV ล่าสุด ณ วันที่ 16/08/2019, 
2019-08-22,1611544426.88,16.124000000000002,16.124000000000002,0.0,0.0,0.0,0.0,NAV ล่าสุด ณ วันที่ 16/08/2019, 
2019-08-21,1611544426.88,16.124000000000002,16.124000000000002,0.0,0.0,0.0,0.0,NAV ล่าสุด ณ วันที่ 16/08/2019, 
2019-08-20,1611544426.88,16.124000000000002,15.8944,0.0,0.0,0.0,0.0,NAV ล่าสุด ณ วันที่ 16/08/2019, 
2019-08-19,1588595340.98,15.8944,15.8944,0.0,0.0,0.0,0.0,NAV ล่าสุด ณ วันที่ 09/08/2019, 
2019-08-16,1588595340.98,15.8944,15.8944,0.0,0.0,0.0,0.0,NAV ล่าสุด ณ วันที่ 09/08/2019, 
2019-08-15,1588595340.98,15.8944,15.8944,0.0,0.0,0.0,0.0,NAV ล่าสุด ณ วันที่ 09/08/2019, 
2019-08-14,1588595340.98,15.8944,15.8676,0.0,0.0,0.0,0.0,NAV ล่าสุด ณ วันที่ 09/08/2019, 
2019-08-13,1585914478.32,15.8676,15.8676,0.0,0.0,0.0,0.0,NAV ล่าสุด ณ วันที่ 02/08/2019, 
2019-08-09,1585914478.32,15.8676,15.8676,0.0,0.0,0.0,0.0,,
2019-08-08,1585914478.32,15.8676,15.8676,0.0,0.0,0.0,0.0,,
2019-08-07,1585914478.32,15.8676,15.8676,0.0,0.0,0.0,0.0,,
2019-08-06,1585914478.32,15.8676,15.7875,0.0,0.0,0.0,0.0,,
2019-08-05,1577909393.89,15.7875,15.7875,0.0,0.0,0.0,0.0,,
2019-08-02,1577909393.89,15.7875,15.7479,0.0,0.0,0.0,0.0,,
2019-08-01,1573951774.38,15.7479,15.7479,0.0,0.0,0.0,0.0,,
2019-07-31,1573951774.38,15.7479,15.7204,0.0,0.0,0.0,0.0,,
2019-07-30,1571201958.01,15.7204,15.7204,0.0,0.0,0.0,0.0,,
2019-07-26,1571201958.01,15.7204,15.7204,0.0,0.0,0.0,0.0,,
2019-07-25,1571201958.01,15.7204,15.7204,0.0,0.0,0.0,0.0,,
2019-07-24,1571201958.01,15.7204,15.7204,0.0,0.0,0.0,0.0,,
2019-07-23,1571201958.01,15.7204,15.6075,0.0,0.0,0.0,0.0,,
2019-07-22,1559920163.45,15.6075,15.6075,0.0,0.0,0.0,0.0,,
2019-07-19,1559920163.45,15.6075,15.6075,0.0,0.0,0.0,0.0,,
2019-07-18,1559920163.45,15.6075,15.6075,0.0,0.0,0.0,0.0,,
2019-07-17,1559920163.45,15.6075,15.7249,0.0,0.0,0.0,0.0,,
2019-07-15,1571654055.96,15.7249,15.7249,0.0,0.0,0.0,0.0,,
2019-07-12,1571654055.96,15.7249,15.7249,0.0,0.0,0.0,0.0,,
2019-07-11,1571654055.96,15.7249,15.7249,0.0,0.0,0.0,0.0,,
2019-07-10,1571654055.96,15.7249,15.7249,0.0,0.0,0.0,0.0,,
2019-07-09,1571654055.96,15.7249,15.6297,0.0,0.0,0.0,0.0,,
2019-07-08,1562138463.87,15.6297,15.6297,0.0,0.0,0.0,0.0,,
2019-07-05,1571654055.96,15.7249,15.6297,0.0,0.0,0.0,0.0,,
2019-06-27,1556039481.59,15.5687,15.5687,0.0,0.0,0.0,0.0,,
2019-06-26,1556039481.59,15.5687,15.5687,0.0,0.0,0.0,0.0,,
2019-06-14,1547313787.22,15.4814,15.4814,0.0,0.0,0.0,0.0,,
2019-06-13,1547313787.22,15.4814,15.4814,0.0,0.0,0.0,0.0,,
2019-06-12,1547313787.22,15.4814,15.4814,0.0,0.0,0.0,0.0,,
2019-06-11,1547313787.22,15.4814,15.366,0.0,0.0,0.0,0.0,,
2019-06-10,1535779463.38,15.366,15.366,0.0,0.0,0.0,0.0,,
2019-06-07,1535779463.38,15.366,15.366,0.0,0.0,0.0,0.0,,
2019-06-06,1535779463.38,15.366,15.366,0.0,0.0,0.0,0.0,,
2019-06-05,1535779463.38,15.366,15.2704,0.0,0.0,0.0,0.0,,
2019-06-04,1526227198.01,15.2704,15.2704,0.0,0.0,0.0,0.0,,
2019-05-31,1526227198.01,15.2704,15.2704,0.0,0.0,0.0,0.0,,
2019-05-30,1526227198.01,15.2704,15.2704,0.0,0.0,0.0,0.0,,
2019-05-29,1526227198.01,15.2704,15.2704,0.0,0.0,0.0,0.0,,
2019-05-28,1526227198.01,15.2704,15.19,0.0,0.0,0.0,0.0,,
2019-05-27,1518187359.89,15.19,15.19,0.0,0.0,0.0,0.0,,
2019-05-24,1518187359.89,15.19,15.19,0.0,0.0,0.0,0.0,,
2019-05-23,1518187359.89,15.19,15.19,0.0,0.0,0.0,0.0,,
2019-05-22,1518187359.89,15.19,15.17,0.0,0.0,0.0,0.0,,
2019-05-21,1516190410.98,15.17,15.17,0.0,0.0,0.0,0.0,,
2019-05-17,1516190410.98,15.17,15.17,0.0,0.0,0.0,0.0,,
2019-05-16,1516190410.98,15.17,15.17,0.0,0.0,0.0,0.0,,
2019-05-15,1516190410.98,15.17,15.17,0.0,0.0,0.0,0.0,,
2019-05-14,1516190410.98,15.17,15.2083,0.0,0.0,0.0,0.0,,
2019-05-13,1520018268.44,15.2083,15.2083,0.0,0.0,0.0,0.0,,
2019-05-10,1520018268.44,15.2083,15.2083,0.0,0.0,0.0,0.0,,
2019-05-09,1520018268.44,15.2083,15.2083,0.0,0.0,0.0,0.0,,
2019-05-08,1520018268.44,15.2083,15.2133,0.0,0.0,0.0,0.0,,
2019-05-07,1520516656.62,15.2133,15.2133,0.0,0.0,0.0,0.0,,
2019-05-03,1520516656.62,15.2133,15.2145,0.0,0.0,0.0,0.0,,
2019-05-02,1520636583.78,15.2145,15.2145,0.0,0.0,0.0,0.0,,
2019-04-30,1520636583.78,15.2145,15.1995,0.0,0.0,0.0,0.0,,
2019-04-29,1519139810.2,15.1995,15.1995,0.0,0.0,0.0,0.0,,
2019-04-26,1519139810.2,15.1995,15.1995,0.0,0.0,0.0,0.0,,
2019-04-25,1519139810.2,15.1995,15.1995,0.0,0.0,0.0,0.0,,
2019-04-24,1519139810.2,15.1995,15.1995,0.0,0.0,0.0,0.0,,
2019-04-23,1519139810.2,15.1995,15.2099,0.0,0.0,0.0,0.0,,
2019-04-22,1520183772.43,15.2099,15.2099,0.0,0.0,0.0,0.0,,
2019-04-19,1520183772.43,15.2099,15.2099,0.0,0.0,0.0,0.0,,
2019-04-18,1520183772.43,15.2099,15.2099,0.0,0.0,0.0,0.0,,
2019-04-17,1520183772.43,15.2099,15.2099,0.0,0.0,0.0,0.0,,
2019-04-12,1516456577.03,15.1726,15.1726,0.0,0.0,0.0,0.0,,
2019-04-11,1516456577.03,15.1726,15.1726,0.0,0.0,0.0,0.0,,
2019-04-10,1516456577.03,15.1726,15.2009,0.0,0.0,0.0,0.0,,
2019-04-09,1519277830.29,15.2009,15.2009,0.0,0.0,0.0,0.0,,
2019-04-05,1519277830.29,15.2009,15.2009,0.0,0.0,0.0,0.0,,
2019-04-04,1519277830.29,15.2009,15.2009,0.0,0.0,0.0,0.0,,
2019-04-03,1519277830.29,15.2009,15.2009,0.0,0.0,0.0,0.0,,
2019-04-02,1519277830.29,15.2009,15.2008,0.0,0.0,0.0,0.0,,
2019-04-01,1519273509.26,15.2008,15.2008,0.0,0.0,0.0,0.0,,
2019-03-29,1519273509.26,15.2008,15.2008,0.0,0.0,0.0,0.0,,
2019-03-28,1519273509.26,15.2008,15.2008,0.0,0.0,0.0,0.0,,
2019-03-27,1519273509.26,15.2008,15.2008,0.0,0.0,0.0,0.0,,
2019-03-26,1519273509.26,15.2008,15.0952,0.0,0.0,0.0,0.0,,
2019-03-25,1508718851.67,15.0952,15.0952,0.0,0.0,0.0,0.0,,
2019-03-22,1508718851.67,15.0952,15.0952,0.0,0.0,0.0,0.0,,
2019-03-21,1508718851.67,15.0952,15.0952,0.0,0.0,0.0,0.0,,
2019-03-20,1508718851.67,15.0952,15.0952,0.0,0.0,0.0,0.0,,
2019-03-19,1508718851.67,15.0952,15.0445,0.0,0.0,0.0,0.0,,
2019-03-18,1503652784.21,15.0445,15.0445,0.0,0.0,0.0,0.0,,
2019-03-15,1503652784.21,15.0445,15.0445,0.0,0.0,0.0,0.0,,
2019-03-14,1503652784.21,15.0445,15.0445,0.0,0.0,0.0,0.0,,
2019-03-13,1503652784.21,15.0445,15.0445,0.0,0.0,0.0,0.0,,
2019-03-12,1503652784.21,15.0445,14.9774,0.0,0.0,0.0,0.0,,
2019-03-11,1496942994.81,14.9774,14.9774,0.0,0.0,0.0,0.0,,
2019-03-08,1496942994.81,14.9774,14.9774,0.0,0.0,0.0,0.0,,
2019-03-07,1496942994.81,14.9774,14.9774,0.0,0.0,0.0,0.0,,
2019-03-06,1496942994.81,14.9774,14.9774,0.0,0.0,0.0,0.0,,
2019-03-05,1496942994.81,14.9774,14.986,0.0,0.0,0.0,0.0,,
2019-03-04,1497804711.59,14.986,14.9964,0.0,0.0,0.0,0.0,,
2019-03-01,1498838638.29,14.9964,14.9964,0.0,0.0,0.0,0.0,,
2019-02-28,1498838638.29,14.9964,14.9964,0.0,0.0,0.0,0.0,,
2019-02-27,1498838638.29,14.9964,14.9964,0.0,0.0,0.0,0.0,,
2019-02-26,1498838638.29,14.9964,14.9733,0.0,0.0,0.0,0.0,,
2019-02-25,1496531310.78,14.9733,14.9733,0.0,0.0,0.0,0.0,,
2019-02-22,1496531310.78,14.9733,14.9733,0.0,0.0,0.0,0.0,,
2019-02-21,1496531310.78,14.9733,14.9733,0.0,0.0,0.0,0.0,,
2019-02-20,1496531310.78,14.9733,14.985,0.0,0.0,0.0,0.0,,
2019-02-18,1497700719.97,14.985,14.985,0.0,0.0,0.0,0.0,,
2019-02-15,1497700719.97,14.985,14.985,0.0,0.0,0.0,0.0,,
2019-02-14,1497700719.97,14.985,14.985,0.0,0.0,0.0,0.0,,
2019-02-13,1497700719.97,14.985,14.985,0.0,0.0,0.0,0.0,,
2019-02-12,1497700719.97,14.985,14.985,0.0,0.0,0.0,0.0,,
2019-02-11,1497700719.97,14.985,14.985,0.0,0.0,0.0,0.0,,
2019-02-08,1497700719.97,14.985,14.974,0.0,0.0,0.0,0.0,,
2019-02-07,1496598871.35,14.974,14.974,0.0,0.0,0.0,0.0,,
2019-02-06,1496598871.35,14.974,14.974,0.0,0.0,0.0,0.0,,
2019-02-05,1496598871.35,14.974,14.974,0.0,0.0,0.0,0.0,,
2019-02-04,1496598871.35,14.974,14.974,0.0,0.0,0.0,0.0,,
2019-02-01,1496598871.35,14.974,14.975,0.0,0.0,0.0,0.0,,
2019-01-31,1496705262.48,14.975,14.9537,0.0,0.0,0.0,0.0,,
2019-01-30,1494569928.81,14.9537,14.9537,0.0,0.0,0.0,0.0,,
2019-01-29,1494569928.81,14.9537,14.9537,0.0,0.0,0.0,0.0,,
2019-01-28,1494569928.81,14.9537,14.9537,0.0,0.0,0.0,0.0,,
2019-01-25,1494569928.81,14.9537,14.9077,0.0,0.0,0.0,0.0,,
2019-01-24,1489979401.05,14.9077,14.9077,0.0,0.0,0.0,0.0,,
2019-01-23,1489979401.05,14.9077,14.9077,0.0,0.0,0.0,0.0,,
2019-01-22,1489979401.05,14.9077,14.9077,0.0,0.0,0.0,0.0,,
2019-01-21,1489979401.05,14.9077,14.9077,0.0,0.0,0.0,0.0,,
2019-01-18,1494261704.31,14.9506,14.9506,0.0,0.0,0.0,0.0,,
2019-01-17,1494261704.31,14.9506,14.9506,0.0,0.0,0.0,0.0,,
2019-01-16,1494261704.31,14.9506,14.9506,0.0,0.0,0.0,0.0,,
2019-01-15,1494261704.31,14.9506,14.9506,0.0,0.0,0.0,0.0,,
2019-01-14,1494261704.31,14.9506,14.9348,0.0,0.0,0.0,0.0,,
2019-01-11,1492685405.19,14.9348,14.9348,0.0,0.0,0.0,0.0,,
2019-01-10,1492685405.19,14.9348,14.9348,0.0,0.0,0.0,0.0,,
2019-01-09,1492685405.19,14.9348,14.9348,0.0,0.0,0.0,0.0,,
2019-01-08,1492685405.19,14.9348,14.929,0.0,0.0,0.0,0.0,,
2019-01-07,1492108499.41,14.929,14.9348,0.0,0.0,0.0,0.0,,
2019-01-04,1492685405.19,14.9348,14.929,0.0,0.0,0.0,0.0,,
2019-01-03,1492108499.41,14.929,14.929,0.0,0.0,0.0,0.0,,
2019-01-02,1492108499.41,14.929,14.929,0.0,0.0,0.0,0.0,,
2018-12-28,1492108499.41,14.929,14.9517,0.0,0.0,0.0,0.0,,
2018-12-27,1494376318.26,14.9517,14.9517,0.0,0.0,0.0,0.0,,
2018-12-26,1494376318.26,14.9517,14.9517,0.0,0.0,0.0,0.0,,
2018-12-25,1494376318.26,14.9517,14.9517,0.0,0.0,0.0,0.0,,
2018-12-24,1494376318.26,14.9517,14.9517,0.0,0.0,0.0,0.0,,
2018-12-21,1494376318.26,14.9517,14.9337,0.0,0.0,0.0,0.0,,
2018-12-20,1492574112.42,14.9337,14.9337,0.0,0.0,0.0,0.0,,
2018-12-19,1492574112.42,14.9337,14.9337,0.0,0.0,0.0,0.0,,
2018-12-18,1492574112.42,14.9337,14.9337,0.0,0.0,0.0,0.0,,
2018-12-17,1492574112.42,14.9337,14.9337,0.0,0.0,0.0,0.0,,
2018-12-14,1492574112.42,14.9337,14.9634,0.0,0.0,0.0,0.0,,
2018-12-13,1495545070.82,14.9634,14.9634,0.0,0.0,0.0,0.0,,
2018-12-12,1495545070.82,14.9634,14.9634,0.0,0.0,0.0,0.0,,
2018-12-11,1495545070.82,14.9634,14.9634,0.0,0.0,0.0,0.0,,
2018-12-07,1495545070.82,14.9634,14.9221,0.0,0.0,0.0,0.0,,
2018-12-06,1491417353.13,14.9221,14.9221,0.0,0.0,0.0,0.0,,
2018-12-04,1491417353.13,14.9221,14.9221,0.0,0.0,0.0,0.0,,
2018-12-03,1491417353.13,14.9221,14.9221,0.0,0.0,0.0,0.0,,
2018-11-30,1491417353.13,14.9221,14.9283,0.0,0.0,0.0,0.0,,
2018-11-29,1492032316.94,14.9283,14.9283,0.0,0.0,0.0,0.0,,
2018-11-28,1492032316.94,14.9283,14.9283,0.0,0.0,0.0,0.0,,
2018-11-27,1492032316.94,14.9283,14.9283,0.0,0.0,0.0,0.0,,
2018-11-26,1492032316.94,14.9283,14.9283,0.0,0.0,0.0,0.0,,
2018-11-23,1492032316.94,14.9283,14.9288,0.0,0.0,0.0,0.0,,
2018-11-22,1492090165.59,14.9288,14.9288,0.0,0.0,0.0,0.0,,
2018-11-21,1492090165.59,14.9288,14.9288,0.0,0.0,0.0,0.0,,
2018-11-20,1492090165.59,14.9288,14.9288,0.0,0.0,0.0,0.0,,
2018-11-19,1492090165.59,14.9288,14.9288,0.0,0.0,0.0,0.0,,
2018-11-16,1492090165.59,14.9288,14.9376,0.0,0.0,0.0,0.0,,
2018-11-15,1492961416.61,14.9376,14.9376,0.0,0.0,0.0,0.0,,
2018-11-14,1492961416.61,14.9376,14.9376,0.0,0.0,0.0,0.0,,
2018-11-13,1492961416.61,14.9376,14.9136,0.0,0.0,0.0,0.0,,
2018-11-12,1490564555.07,14.9136,14.9376,0.0,0.0,0.0,0.0,,
2018-11-09,1492961416.61,14.9376,14.9136,0.0,0.0,0.0,0.0,,
2018-11-08,1490564555.07,14.9136,14.9136,0.0,0.0,0.0,0.0,,
2018-11-07,1490564555.07,14.9136,14.9136,0.0,0.0,0.0,0.0,,
2018-11-06,1490564555.07,14.9136,14.9136,0.0,0.0,0.0,0.0,,
2018-11-05,1490564555.07,14.9136,14.9136,0.0,0.0,0.0,0.0,,
2018-11-02,1490564555.07,14.9136,14.9682,0.0,0.0,0.0,0.0,,
2018-11-01,1496026939.57,14.9682,14.9682,0.0,0.0,0.0,0.0,,
2018-10-31,1496026939.57,14.9682,14.9651,0.0,0.0,0.0,0.0,,
2018-10-30,1495713417.4,14.9651,14.9651,0.0,0.0,0.0,0.0,,
2018-10-29,1495713417.4,14.9651,14.9651,0.0,0.0,0.0,0.0,,
2018-10-26,1495713417.4,14.9651,14.9078,0.0,0.0,0.0,0.0,,
2018-10-25,1489988629.53,14.9078,14.9078,0.0,0.0,0.0,0.0,,
2018-10-24,1489988629.53,14.9078,14.9078,0.0,0.0,0.0,0.0,,
2018-10-22,1489988629.53,14.9078,14.9078,0.0,0.0,0.0,0.0,,
2018-10-19,1489988629.53,14.9078,14.9455,0.0,0.0,0.0,0.0,,
2018-10-18,1493752350.67,14.9455,14.9455,0.0,0.0,0.0,0.0,,
2018-10-17,1493752350.67,14.9455,14.9455,0.0,0.0,0.0,0.0,,
2018-10-16,1493752350.67,14.9455,14.9455,0.0,0.0,0.0,0.0,,
2018-10-12,1493752350.67,14.9455,14.9386,0.0,0.0,0.0,0.0,,
2018-10-11,1493064865.29,14.9386,14.9386,0.0,0.0,0.0,0.0,,
2018-10-09,1493064865.29,14.9386,14.9806,0.0,0.0,0.0,0.0,,
2018-10-08,1497261797.85,14.9806,14.9386,0.0,0.0,0.0,0.0,,
2018-10-05,1493064865.29,14.9386,14.9806,0.0,0.0,0.0,0.0,,
2018-10-04,1497261797.85,14.9806,14.9806,0.0,0.0,0.0,0.0,,
2018-10-03,1497261797.85,14.9806,14.9806,0.0,0.0,0.0,0.0,,
2018-10-02,1497261797.85,14.9806,14.9806,0.0,0.0,0.0,0.0,,
2018-10-01,1497261797.85,14.9806,14.9806,0.0,0.0,0.0,0.0,,
2018-09-28,1497261797.85,14.9806,14.9855,0.0,0.0,0.0,0.0,,
2018-09-27,1497752688.51,14.9855,14.9855,0.0,0.0,0.0,0.0,,
2018-09-26,1497752688.51,14.9855,14.9855,0.0,0.0,0.0,0.0,,
2018-09-25,1497752688.51,14.9855,14.9855,0.0,0.0,0.0,0.0,,
2018-09-24,1497752688.51,14.9855,14.9855,0.0,0.0,0.0,0.0,,
2018-09-21,1497752688.51,14.9855,15.0143,0.0,0.0,0.0,0.0,,
2018-09-20,1500636581.19,15.0143,15.0143,0.0,0.0,0.0,0.0,,
2018-09-19,1500636581.19,15.0143,15.0143,0.0,0.0,0.0,0.0,,
2018-09-18,1500636581.19,15.0143,15.0143,0.0,0.0,0.0,0.0,,
2018-09-17,1500636581.19,15.0143,15.0143,0.0,0.0,0.0,0.0,,
2018-09-14,1500636581.19,15.0143,15.0387,0.0,0.0,0.0,0.0,,
2018-09-13,1503069304.71,15.0387,15.0387,0.0,0.0,0.0,0.0,,
2018-09-12,1503069304.71,15.0387,15.0387,0.0,0.0,0.0,0.0,,
2018-09-11,1503069304.71,15.0387,15.0387,0.0,0.0,0.0,0.0,,
2018-09-10,1503069304.71,15.0387,15.0387,0.0,0.0,0.0,0.0,,
2018-09-07,1503069304.71,15.0387,15.0414,0.0,0.0,0.0,0.0,,
2018-09-06,1503336943.62,15.0414,15.0414,0.0,0.0,0.0,0.0,,
2018-09-05,1503336943.62,15.0414,15.0414,0.0,0.0,0.0,0.0,,
2018-09-04,1503336943.62,15.0414,15.0414,0.0,0.0,0.0,0.0,,
2018-09-03,1503336943.62,15.0414,15.0414,0.0,0.0,0.0,0.0,,
2018-08-31,1503336943.62,15.0414,15.0711,0.0,0.0,0.0,0.0,,
2018-08-30,1506308327.99,15.0711,15.0711,0.0,0.0,0.0,0.0,,
2018-08-29,1506308327.99,15.0711,15.0711,0.0,0.0,0.0,0.0,,
2018-08-28,1506308327.99,15.0711,15.0711,0.0,0.0,0.0,0.0,,
2018-08-27,1506308327.99,15.0711,15.0711,0.0,0.0,0.0,0.0,,
2018-08-24,1506308327.99,15.0711,15.0776,0.0,0.0,0.0,0.0,,
2018-08-23,1506955201.78,15.0776,15.0776,0.0,0.0,0.0,0.0,,
2018-08-22,1506955201.78,15.0776,15.0776,0.0,0.0,0.0,0.0,,
2018-08-21,1506955201.78,15.0776,15.0776,0.0,0.0,0.0,0.0,,
2018-08-20,1506955201.78,15.0776,15.0776,0.0,0.0,0.0,0.0,,
2018-08-17,1506955201.78,15.0776,15.0883,0.0,0.0,0.0,0.0,,
2018-08-16,1508024053.41,15.0883,15.0883,0.0,0.0,0.0,0.0,,
2018-08-15,1508024053.41,15.0883,15.0883,0.0,0.0,0.0,0.0,,
2018-08-14,1508024053.41,15.0883,15.0883,0.0,0.0,0.0,0.0,,
2018-08-10,1508024053.41,15.0883,15.1082,0.0,0.0,0.0,0.0,,
2018-08-09,1510011886.15,15.1082,15.1082,0.0,0.0,0.0,0.0,,
2018-08-08,1510011886.15,15.1082,15.1082,0.0,0.0,0.0,0.0,,
2018-08-07,1510011886.15,15.1082,15.1082,0.0,0.0,0.0,0.0,,
2018-08-06,1510011886.15,15.1082,15.1082,0.0,0.0,0.0,0.0,,
2018-08-03,1510011886.15,15.1082,15.1333,0.0,0.0,0.0,0.0,,
2018-08-02,1512527114.28,15.1333,15.1333,0.0,0.0,0.0,0.0,,
2018-08-01,1512527114.28,15.1333,15.1333,0.0,0.0,0.0,0.0,,
2018-07-31,1512527114.28,15.1333,15.1285,0.0,0.0,0.0,0.0,,
2018-07-26,1512045594.85,15.1285,15.1352,0.0,0.0,0.0,0.0,,
2018-07-25,1512717670.35,15.1352,15.1352,0.0,0.0,0.0,0.0,,
2018-07-24,1512717670.35,15.1352,15.132,0.0,0.0,0.0,0.0,,
2018-07-23,1512400290.95,15.132,15.1352,0.0,0.0,0.0,0.0,,
2018-07-20,1512717670.35,15.1352,15.132,0.0,0.0,0.0,0.0,,
2018-07-19,1512400290.95,15.132,15.132,0.0,0.0,0.0,0.0,,
2018-07-18,1512400290.95,15.132,15.132,0.0,0.0,0.0,0.0,,
2018-07-17,1512400290.95,15.132,15.1381,0.0,0.0,0.0,0.0,,
2018-07-16,1513004087.06,15.1381,15.132,0.0,0.0,0.0,0.0,,
2018-07-13,1512400290.95,15.132,15.1381,0.0,0.0,0.0,0.0,,
2018-07-12,1513004087.06,15.1381,15.1381,0.0,0.0,0.0,0.0,,
2018-07-11,1513004087.06,15.1381,15.1381,0.0,0.0,0.0,0.0,,
2018-07-10,1513004087.06,15.1381,15.075,0.0,0.0,0.0,0.0,,
2018-07-09,1506698704.82,15.075,15.1381,0.0,0.0,0.0,0.0,,
2018-07-06,1513004087.06,15.1381,15.075,0.0,0.0,0.0,0.0,,
2018-07-05,1506698704.82,15.075,15.075,0.0,0.0,0.0,0.0,,
2018-07-04,1506698704.82,15.075,15.075,0.0,0.0,0.0,0.0,,
2018-07-03,1506698704.82,15.075,15.0231,0.0,0.0,0.0,0.0,,
2018-07-02,1501514028.94,15.0231,15.075,0.0,0.0,0.0,0.0,,
2018-06-29,1506698704.82,15.075,15.0231,0.0,0.0,0.0,0.0,,
2018-06-28,1501514028.94,15.0231,15.0231,0.0,0.0,0.0,0.0,,
2018-06-27,1501514028.94,15.0231,15.0231,0.0,0.0,0.0,0.0,,
2018-06-26,1501514028.94,15.0231,14.9721,0.0,0.0,0.0,0.0,,
2018-06-25,1496414011.07,14.9721,15.0231,0.0,0.0,0.0,0.0,,
2018-06-22,1501514028.94,15.0231,14.9721,0.0,0.0,0.0,0.0,,
2018-06-21,1496414011.07,14.9721,14.9721,0.0,0.0,0.0,0.0,,
2018-06-20,1496414011.07,14.9721,14.9721,0.0,0.0,0.0,0.0,,
2018-06-19,1496414011.07,14.9721,14.9721,0.0,0.0,0.0,0.0,,
2018-06-18,1496414011.07,14.9721,14.9721,0.0,0.0,0.0,0.0,,
2018-06-15,1496414011.07,14.9721,14.9198,0.0,0.0,0.0,0.0,,
2018-06-14,1491187272.89,14.9198,14.9198,0.0,0.0,0.0,0.0,,
2018-06-13,1491187272.89,14.9198,14.9198,0.0,0.0,0.0,0.0,,
2018-06-12,1491187272.89,14.9198,14.9198,0.0,0.0,0.0,0.0,,
2018-06-11,1491187272.89,14.9198,14.9198,0.0,0.0,0.0,0.0,,
2018-06-08,1491187272.89,14.9198,14.9671,0.0,0.0,0.0,0.0,,
2018-06-07,1495912056.46,14.9671,14.9671,0.0,0.0,0.0,0.0,,
2018-06-06,1495912056.46,14.9671,14.9671,0.0,0.0,0.0,0.0,,
2018-06-05,1495912056.46,14.9671,14.9671,0.0,0.0,0.0,0.0,,
2018-06-04,1495912056.46,14.9671,14.9671,0.0,0.0,0.0,0.0,,
2018-06-01,1495912056.46,14.9671,14.9842,0.0,0.0,0.0,0.0,,
2018-05-31,1497622214.98,14.9842,14.9054,0.0,0.0,0.0,0.0,,
2018-05-30,1489750131.32,14.9054,14.9054,0.0,0.0,0.0,0.0,,
2018-05-28,1489750131.32,14.9054,14.9054,0.0,0.0,0.0,0.0,,
2018-05-25,1489750131.32,14.9054,14.8541,0.0,0.0,0.0,0.0,,
2018-05-24,1484619414.93,14.8541,14.8541,0.0,0.0,0.0,0.0,,
2018-05-23,1484619414.93,14.8541,14.8541,0.0,0.0,0.0,0.0,,
2018-05-22,1484619414.93,14.8541,14.8541,0.0,0.0,0.0,0.0,,
2018-05-21,1484619414.93,14.8541,14.8541,0.0,0.0,0.0,0.0,,
2018-05-18,1484619414.93,14.8541,14.8015,0.0,0.0,0.0,0.0,,
2018-05-17,1479360041.68,14.8015,14.9051,0.0,0.0,0.0,0.0,,
2018-05-16,1489714368.33,14.9051,14.9051,0.0,0.0,0.0,0.0,,
2018-05-15,1489714368.33,14.9051,14.9051,0.0,0.0,0.0,0.0,,
2018-05-14,1489714368.33,14.9051,14.9051,0.0,0.0,0.0,0.0,,
2018-05-11,1489714368.33,14.9051,14.8706,0.0,0.0,0.0,0.0,,
2018-05-10,1486272639.82,14.8706,14.8706,0.0,0.0,0.0,0.0,,
2018-05-09,1486272639.82,14.8706,14.8706,0.0,0.0,0.0,0.0,,
2018-05-08,1486272639.82,14.8706,14.8706,0.0,0.0,0.0,0.0,,
2018-05-07,1486272639.82,14.8706,14.8706,0.0,0.0,0.0,0.0,,
2018-05-04,1486272639.82,14.8706,14.9022,0.0,0.0,0.0,0.0,,
2018-05-03,1489422981.39,14.9022,14.9022,0.0,0.0,0.0,0.0,,
2018-05-02,1489422981.39,14.9022,14.9022,0.0,0.0,0.0,0.0,,
2018-04-30,1489422981.39,14.9022,14.9123,0.0,0.0,0.0,0.0,,
2018-04-27,1490440945.56,14.9123,14.9262,0.0,0.0,0.0,0.0,,
2018-04-26,1491822775.96,14.9262,14.9262,0.0,0.0,0.0,0.0,,
2018-04-25,1491822775.96,14.9262,14.9262,0.0,0.0,0.0,0.0,,
2018-04-24,1491822775.96,14.9262,14.9768,0.0,0.0,0.0,0.0,,
2018-04-23,1496888274.74,14.9768,14.9262,0.0,0.0,0.0,0.0,,
2018-04-20,1496888274.74,14.9768,0.0,0.0,0.0,0.0,0.0,,
2018-04-19,1496888274.74,14.9768,0.0,0.0,0.0,0.0,0.0,,
2018-04-18,1496888274.74,14.9768,0.0,0.0,0.0,0.0,0.0,,
2018-04-17,1496888274.74,14.9768,0.0,0.0,0.0,0.0,0.0,,
2018-04-12,1496888274.74,14.9768,0.0,0.0,0.0,0.0,0.0,,
2018-04-11,1494729273.71,14.9552,0.0,0.0,0.0,0.0,0.0,,
2018-04-10,1494729273.71,14.9552,0.0,0.0,0.0,0.0,0.0,,
2018-04-09,1494729273.71,14.9552,0.0,0.0,0.0,0.0,0.0,,
2018-04-05,1494729273.71,14.9552,0.0,0.0,0.0,0.0,0.0,,
2018-04-04,1498452061.32,14.9925,0.0,0.0,0.0,0.0,0.0,,
2018-04-03,1498452061.32,14.9925,0.0,0.0,0.0,0.0,0.0,,
2018-04-02,1498452061.32,14.9925,0.0,0.0,0.0,0.0,0.0,,
2018-03-30,1498452061.32,14.9925,0.0,0.0,0.0,0.0,0.0,,
2018-03-29,1495764511.48,14.9656,0.0,0.0,0.0,0.0,0.0,,
2018-03-28,1495764511.48,14.9656,0.0,0.0,0.0,0.0,0.0,,
2018-03-27,1495764511.48,14.9656,0.0,0.0,0.0,0.0,0.0,,
2018-03-26,1495764511.48,14.9656,0.0,0.0,0.0,0.0,0.0,,
2018-03-23,1495764511.48,14.9656,0.0,0.0,0.0,0.0,0.0,,
2018-03-22,1492867409.81,14.9366,0.0,0.0,0.0,0.0,0.0,,
2018-03-21,1492867409.81,14.9366,0.0,0.0,0.0,0.0,0.0,,
2018-03-20,1492867409.81,14.9366,0.0,0.0,0.0,0.0,0.0,,
2018-03-19,1491842307.25,14.9264,0.0,0.0,0.0,0.0,0.0,,
2018-03-16,1492867409.81,14.9366,0.0,0.0,0.0,0.0,0.0,,
2018-03-15,1491842307.25,14.9264,0.0,0.0,0.0,0.0,0.0,,
2018-03-14,1491842307.25,14.9264,0.0,0.0,0.0,0.0,0.0,,
2018-03-13,1491842307.25,14.9264,0.0,0.0,0.0,0.0,0.0,,
2018-03-12,1492769890.63,14.9356,0.0,0.0,0.0,0.0,0.0,,
2018-03-09,1491842307.25,14.9264,0.0,0.0,0.0,0.0,0.0,,
2018-03-08,1492769890.63,14.9356,0.0,0.0,0.0,0.0,0.0,,
2018-03-07,1492769890.63,14.9356,0.0,0.0,0.0,0.0,0.0,,
2018-03-06,1492769890.63,14.9356,0.0,0.0,0.0,0.0,0.0,,
2018-03-05,1489196085.08,14.8999,0.0,0.0,0.0,0.0,0.0,,
2018-03-02,1492769890.63,14.9356,0.0,0.0,0.0,0.0,0.0,,
2018-02-28,1489196085.08,14.8999,0.0,0.0,0.0,0.0,0.0,,
2018-02-27,1490414741.59,14.9121,0.0,0.0,0.0,0.0,0.0,,
2018-02-26,1490414741.59,14.9121,0.0,0.0,0.0,0.0,0.0,,
2018-02-23,1490414741.59,14.9121,0.0,0.0,0.0,0.0,0.0,,
2018-02-22,1492114203.49,14.9291,0.0,0.0,0.0,0.0,0.0,,
2018-02-21,1492114203.49,14.9291,0.0,0.0,0.0,0.0,0.0,,
2018-02-20,1492114203.49,14.9291,0.0,0.0,0.0,0.0,0.0,,
2018-02-19,1494699386.65,14.9549,0.0,0.0,0.0,0.0,0.0,,
2018-02-16,1492114203.49,14.9291,0.0,0.0,0.0,0.0,0.0,,
2018-02-15,1494699386.65,14.9549,0.0,0.0,0.0,0.0,0.0,,
2018-02-14,1494699386.65,14.9549,0.0,0.0,0.0,0.0,0.0,,
2018-02-13,1494699386.65,14.9549,0.0,0.0,0.0,0.0,0.0,,
2018-02-12,1493216801.48,14.9401,0.0,0.0,0.0,0.0,0.0,,
2018-02-09,1494699386.65,14.9549,0.0,0.0,0.0,0.0,0.0,,
2018-02-08,1493216801.48,14.9401,0.0,0.0,0.0,0.0,0.0,,
2018-02-07,1493216801.48,14.9401,0.0,0.0,0.0,0.0,0.0,,
2018-02-06,1493216801.48,14.9401,0.0,0.0,0.0,0.0,0.0,,
2018-02-05,1493216801.48,14.9401,0.0,0.0,0.0,0.0,0.0,,
2018-02-02,1493216801.48,14.9401,0.0,0.0,0.0,0.0,0.0,,
2018-02-01,1498673695.05,14.9947,0.0,0.0,0.0,0.0,0.0,,
2018-01-31,1498673695.05,14.9947,0.0,0.0,0.0,0.0,0.0,,
2018-01-30,1499459204.04,15.0026,0.0,0.0,0.0,0.0,0.0,,
2018-01-29,1499459204.04,15.0026,0.0,0.0,0.0,0.0,0.0,,
2018-01-26,1499459204.04,15.0026,0.0,0.0,0.0,0.0,0.0,,
2018-01-25,1498987572.42,14.9979,0.0,0.0,0.0,0.0,0.0,,
2018-01-24,1498987572.42,14.9979,0.0,0.0,0.0,0.0,0.0,,
2018-01-23,1498987572.42,14.9979,0.0,0.0,0.0,0.0,0.0,,
2018-01-22,1498987572.42,14.9979,0.0,0.0,0.0,0.0,0.0,,
2018-01-19,1498987572.42,14.9979,0.0,0.0,0.0,0.0,0.0,,
2018-01-18,1498372508.7,14.9917,0.0,0.0,0.0,0.0,0.0,,
2018-01-17,1498372508.7,14.9917,0.0,0.0,0.0,0.0,0.0,,
2018-01-16,1498372508.7,14.9917,0.0,0.0,0.0,0.0,0.0,,
2018-01-15,1498372508.7,14.9917,0.0,0.0,0.0,0.0,0.0,,
2018-01-12,1498372508.7,14.9917,0.0,0.0,0.0,0.0,0.0,,
2018-01-11,1500268248.86,15.0107,0.0,0.0,0.0,0.0,0.0,,
2018-01-10,1500268248.86,15.0107,0.0,0.0,0.0,0.0,0.0,,
2018-01-09,1500268248.86,15.0107,0.0,0.0,0.0,0.0,0.0,,
2018-01-08,1500268248.86,15.0107,0.0,0.0,0.0,0.0,0.0,,
2018-01-05,1500268248.86,15.0107,0.0,0.0,0.0,0.0,0.0,,
2018-01-04,1504734718.97,15.0554,0.0,0.0,0.0,0.0,0.0,,
2018-01-03,1504734718.97,15.0554,0.0,0.0,0.0,0.0,0.0,,
2017-12-29,1504734718.97,15.0554,0.0,0.0,0.0,0.0,0.0,,
2017-12-28,1502995585.01,15.038,0.0,0.0,0.0,0.0,0.0,,
2017-12-27,1502995585.01,15.038,0.0,0.0,0.0,0.0,0.0,,
2017-12-26,1502995585.01,15.038,0.0,0.0,0.0,0.0,0.0,,
2017-12-25,1502995585.01,15.038,0.0,0.0,0.0,0.0,0.0,,
2017-12-22,1502995585.01,15.038,0.0,0.0,0.0,0.0,0.0,,
2017-12-21,1510014613.27,15.1082,0.0,0.0,0.0,0.0,0.0,,
2017-12-20,1510014613.27,15.1082,0.0,0.0,0.0,0.0,0.0,,
2017-12-19,1510014613.27,15.1082,0.0,0.0,0.0,0.0,0.0,,
2017-12-18,1510014613.27,15.1082,0.0,0.0,0.0,0.0,0.0,,
2017-12-15,1510014613.27,15.1082,0.0,0.0,0.0,0.0,0.0,,
2017-12-14,1511250460.83,15.1205,0.0,0.0,0.0,0.0,0.0,,
2017-12-13,1511250460.83,15.1205,0.0,0.0,0.0,0.0,0.0,,
2017-12-12,1511250460.83,15.1205,0.0,0.0,0.0,0.0,0.0,,
2017-12-08,1511099002.35,15.119000000000002,0.0,0.0,0.0,0.0,0.0,,
2017-12-07,1511099002.35,15.119000000000002,0.0,0.0,0.0,0.0,0.0,,
2017-12-06,1511099002.35,15.119000000000002,0.0,0.0,0.0,0.0,0.0,,
2017-12-04,1505414304.97,15.0622,0.0,0.0,0.0,0.0,0.0,,
2017-12-01,1511099002.35,15.119000000000002,0.0,0.0,0.0,0.0,0.0,,
2017-11-30,1505414304.97,15.0622,0.0,0.0,0.0,0.0,0.0,,
2017-11-29,1507764496.84,15.0857,0.0,0.0,0.0,0.0,0.0,,
2017-11-28,1507764496.84,15.0857,0.0,0.0,0.0,0.0,0.0,,
2017-11-27,1505719192.57,15.0652,0.0,0.0,0.0,0.0,0.0,,
2017-11-24,1505719192.57,15.0652,0.0,0.0,0.0,0.0,0.0,,
2017-11-23,1505719192.57,15.0652,0.0,0.0,0.0,0.0,0.0,,
2017-11-22,1505719192.57,15.0652,0.0,0.0,0.0,0.0,0.0,,
2017-11-20,1503518524.54,15.0432,0.0,0.0,0.0,0.0,0.0,,
2017-11-17,1505719192.57,15.0652,0.0,0.0,0.0,0.0,0.0,,
2017-11-16,1503518524.54,15.0432,0.0,0.0,0.0,0.0,0.0,,
2017-11-15,1503518524.54,15.0432,0.0,0.0,0.0,0.0,0.0,,
2017-11-14,1503518524.54,15.0432,0.0,0.0,0.0,0.0,0.0,,
2017-11-13,1508160737.03,15.0896,0.0,0.0,0.0,0.0,0.0,,
2017-11-10,1503518524.54,15.0432,0.0,0.0,0.0,0.0,0.0,,
2017-11-09,1508160737.03,15.0896,0.0,0.0,0.0,0.0,0.0,,
2017-11-08,1508160737.03,15.0896,0.0,0.0,0.0,0.0,0.0,,
2017-11-06,1506130812.04,15.0693,0.0,0.0,0.0,0.0,0.0,,
2017-11-03,1508160737.03,15.0896,0.0,0.0,0.0,0.0,0.0,,
2017-11-02,1506130812.04,15.0693,0.0,0.0,0.0,0.0,0.0,,
2017-11-01,1500943957.83,15.0174,0.0,0.0,0.0,0.0,0.0,,
2017-10-31,1506130812.04,15.0693,0.0,0.0,0.0,0.0,0.0,,
2017-10-30,1497866594.01,14.9866,0.0,0.0,0.0,0.0,0.0,,
2017-10-27,1500943957.83,15.0174,0.0,0.0,0.0,0.0,0.0,,
2017-10-25,1497866594.01,14.9866,0.0,0.0,0.0,0.0,0.0,,
2017-10-24,1497835056.03,14.9863,0.0,0.0,0.0,0.0,0.0,,
2017-10-20,1497835056.03,14.9863,0.0,0.0,0.0,0.0,0.0,,
2017-10-19,1497835056.03,14.9863,0.0,0.0,0.0,0.0,0.0,,
2017-10-18,1497835056.03,14.9863,0.0,0.0,0.0,0.0,0.0,,
2017-10-17,1497835056.03,14.9863,0.0,0.0,0.0,0.0,0.0,,
2017-10-16,1496088195.24,14.9688,0.0,0.0,0.0,0.0,0.0,,
2017-10-12,1497835056.03,14.9863,0.0,0.0,0.0,0.0,0.0,,
2017-10-11,1496088195.24,14.9688,0.0,0.0,0.0,0.0,0.0,,
2017-10-10,1496088195.24,14.9688,0.0,0.0,0.0,0.0,0.0,,
2017-10-09,1498185783.59,14.9898,0.0,0.0,0.0,0.0,0.0,,
2017-10-06,1496088195.24,14.9688,0.0,0.0,0.0,0.0,0.0,,
2017-10-05,1498185783.59,14.9898,0.0,0.0,0.0,0.0,0.0,,
2017-10-04,1498185783.59,14.9898,0.0,0.0,0.0,0.0,0.0,,
2017-10-03,1498185783.59,14.9898,0.0,0.0,0.0,0.0,0.0,,
2017-10-02,1497705787.46,14.985,0.0,0.0,0.0,0.0,0.0,,
2017-09-29,1497705787.46,14.985,0.0,0.0,0.0,0.0,0.0,,
2017-09-28,1497705787.46,14.985,0.0,0.0,0.0,0.0,0.0,,
2017-09-27,1497705787.46,14.985,0.0,0.0,0.0,0.0,0.0,,
2017-09-26,1497705787.46,14.985,0.0,0.0,0.0,0.0,0.0,,
2017-09-25,1499585086.62,15.0038,0.0,0.0,0.0,0.0,0.0,,
2017-09-22,1499585086.62,15.0038,0.0,0.0,0.0,0.0,0.0,,
2017-09-21,1499585086.62,15.0038,0.0,0.0,0.0,0.0,0.0,,
2017-09-20,1499585086.62,15.0038,0.0,0.0,0.0,0.0,0.0,,
2017-09-19,1499585086.62,15.0038,0.0,0.0,0.0,0.0,0.0,,
2017-09-18,1511413642.57,15.1222,0.0,0.0,0.0,0.0,0.0,,
2017-09-15,1511413642.57,15.1222,0.0,0.0,0.0,0.0,0.0,,
2017-09-14,1511413642.57,15.1222,0.0,0.0,0.0,0.0,0.0,,
2017-09-13,1511413642.57,15.1222,0.0,0.0,0.0,0.0,0.0,,
2017-09-12,1511413642.57,15.1222,0.0,0.0,0.0,0.0,0.0,,
2017-09-11,1504931341.63,15.0573,0.0,0.0,0.0,0.0,0.0,,
2017-09-08,1504931341.63,15.0573,0.0,0.0,0.0,0.0,0.0,,
2017-09-07,1504931341.63,15.0573,0.0,0.0,0.0,0.0,0.0,,
2017-09-06,1504931341.63,15.0573,0.0,0.0,0.0,0.0,0.0,,
2017-09-05,1504931341.63,15.0573,0.0,0.0,0.0,0.0,0.0,,
2017-09-04,1507946045.01,15.0875,0.0,0.0,0.0,0.0,0.0,,
2017-09-01,1506032622.18,15.0683,0.0,0.0,0.0,0.0,0.0,,
2017-08-31,1506032622.18,15.0683,0.0,0.0,0.0,0.0,0.0,,
2017-08-30,1506032622.18,15.0683,0.0,0.0,0.0,0.0,0.0,,
2017-08-29,1506032622.18,15.0683,0.0,0.0,0.0,0.0,0.0,,
2017-08-28,1506032622.18,15.0683,0.0,0.0,0.0,0.0,0.0,,
2017-08-25,1504944901.73,15.0575,0.0,0.0,0.0,0.0,0.0,,
2017-08-24,1504944901.73,15.0575,0.0,0.0,0.0,0.0,0.0,,
2017-08-23,1504944901.73,15.0575,0.0,0.0,0.0,0.0,0.0,,
2017-08-22,1504944901.73,15.0575,0.0,0.0,0.0,0.0,0.0,,
2017-08-21,1505645582.44,15.0645,0.0,0.0,0.0,0.0,0.0,,
2017-08-18,1505645582.44,15.0645,0.0,0.0,0.0,0.0,0.0,,
2017-08-17,1505645582.44,15.0645,0.0,0.0,0.0,0.0,0.0,,
2017-08-16,1505645582.44,15.0645,0.0,0.0,0.0,0.0,0.0,,
2017-08-15,1499475426.94,15.0027,0.0,0.0,0.0,0.0,0.0,,
2017-08-11,1499475426.94,15.0027,0.0,0.0,0.0,0.0,0.0,,
2017-08-10,1499475426.94,15.0027,0.0,0.0,0.0,0.0,0.0,,
2017-08-09,1499475426.94,15.0027,0.0,0.0,0.0,0.0,0.0,,
2017-08-08,1499475426.94,15.0027,0.0,0.0,0.0,0.0,0.0,,
2017-08-07,1494742207.69,14.9554,0.0,0.0,0.0,0.0,0.0,,
2017-08-04,1494742207.69,14.9554,0.0,0.0,0.0,0.0,0.0,,
2017-08-03,1494742207.69,14.9554,0.0,0.0,0.0,0.0,0.0,,
2017-08-02,1494742207.69,14.9554,0.0,0.0,0.0,0.0,0.0,,
2017-08-01,1494702695.21,14.955,0.0,0.0,0.0,0.0,0.0,,
2017-07-31,1501618852.64,15.0242,0.0,0.0,0.0,0.0,0.0,,
2017-07-27,1501618852.64,15.0242,0.0,0.0,0.0,0.0,0.0,,
2017-07-26,1501618852.64,15.0242,0.0,0.0,0.0,0.0,0.0,,
2017-07-25,1501618852.64,15.0242,0.0,0.0,0.0,0.0,0.0,,
2017-07-24,1495913897.6,14.9671,0.0,0.0,0.0,0.0,0.0,,
2017-07-21,1495913897.6,14.9671,0.0,0.0,0.0,0.0,0.0,,
2017-07-20,1495913897.6,14.9671,0.0,0.0,0.0,0.0,0.0,,
2017-07-19,1495913897.6,14.9671,0.0,0.0,0.0,0.0,0.0,,
2017-07-18,1495913897.6,14.9671,0.0,0.0,0.0,0.0,0.0,,
2017-07-17,1493937333.25,14.9473,0.0,0.0,0.0,0.0,0.0,,
2017-07-14,1493937333.25,14.9473,0.0,0.0,0.0,0.0,0.0,,
2017-07-13,1493937333.25,14.9473,0.0,0.0,0.0,0.0,0.0,,
2017-07-12,1493937333.25,14.9473,0.0,0.0,0.0,0.0,0.0,,
2017-07-11,1500459999.68,15.0126,0.0,0.0,0.0,0.0,0.0,,
2017-07-07,1500459999.68,15.0126,0.0,0.0,0.0,0.0,0.0,,
2017-07-06,1500459999.68,15.0126,0.0,0.0,0.0,0.0,0.0,,
2017-07-05,1500459999.68,15.0126,0.0,0.0,0.0,0.0,0.0,,
2017-07-04,1500459999.68,15.0126,0.0,0.0,0.0,0.0,0.0,,
2017-07-03,1514617393.74,15.1542,0.0,0.0,0.0,0.0,0.0,,
2017-06-30,1514617393.74,15.1542,0.0,0.0,0.0,0.0,0.0,,
2017-06-29,1514617393.74,15.1542,0.0,0.0,0.0,0.0,0.0,,
2017-06-28,1514617393.74,15.1542,0.0,0.0,0.0,0.0,0.0,,
2017-06-27,1514617393.74,15.1542,0.0,0.0,0.0,0.0,0.0,,
2017-06-26,1511158411.48,15.1196,0.0,0.0,0.0,0.0,0.0,,
2017-06-23,1511158411.48,15.1196,0.0,0.0,0.0,0.0,0.0,,
2017-06-22,1511158411.48,15.1196,0.0,0.0,0.0,0.0,0.0,,
2017-06-21,1511158411.48,15.1196,0.0,0.0,0.0,0.0,0.0,,
2017-06-20,1511158411.48,15.1196,0.0,0.0,0.0,0.0,0.0,,
2017-06-19,1509357028.97,15.1016,0.0,0.0,0.0,0.0,0.0,,
2017-06-16,1509357028.97,15.1016,0.0,0.0,0.0,0.0,0.0,,
2017-06-15,1509357028.97,15.1016,0.0,0.0,0.0,0.0,0.0,,
2017-06-14,1509357028.97,15.1016,0.0,0.0,0.0,0.0,0.0,,
2017-06-13,1509357028.97,15.1016,0.0,0.0,0.0,0.0,0.0,,
2017-06-12,1509357028.97,15.1016,0.0,0.0,0.0,0.0,0.0,,
2017-06-09,1510420815.31,15.1122,0.0,0.0,0.0,0.0,0.0,,
2017-06-08,1510420815.31,15.1122,0.0,0.0,0.0,0.0,0.0,,
2017-06-07,1510420815.31,15.1122,0.0,0.0,0.0,0.0,0.0,,
2017-06-06,1510420815.31,15.1122,0.0,0.0,0.0,0.0,0.0,,
2017-06-05,1507576659.75,15.0838,0.0,0.0,0.0,0.0,0.0,,
2017-06-02,1507576659.75,15.0838,0.0,0.0,0.0,0.0,0.0,,
2017-06-01,1505292696.72,15.0609,0.0,0.0,0.0,0.0,0.0,,
2017-05-31,1505292696.72,15.0609,0.0,0.0,0.0,0.0,0.0,,
2017-05-30,1505292696.72,15.0609,0.0,0.0,0.0,0.0,0.0,,
2017-05-29,1509499123.03,15.103,0.0,0.0,0.0,0.0,0.0,,
2017-05-26,1509499123.03,15.103,0.0,0.0,0.0,0.0,0.0,,
2017-05-25,1509499123.03,15.103,0.0,0.0,0.0,0.0,0.0,,
2017-05-24,1509499123.03,15.103,0.0,0.0,0.0,0.0,0.0,,
2017-05-23,1509499123.03,15.103,0.0,0.0,0.0,0.0,0.0,,
2017-05-22,1505835973.45,15.0664,0.0,0.0,0.0,0.0,0.0,,
2017-05-19,1505835973.45,15.0664,0.0,0.0,0.0,0.0,0.0,,
2017-05-18,1505835973.45,15.0664,0.0,0.0,0.0,0.0,0.0,,
2017-05-17,1505835973.45,15.0664,0.0,0.0,0.0,0.0,0.0,,
2017-05-16,1505835973.45,15.0664,0.0,0.0,0.0,0.0,0.0,,
2017-05-15,1505835973.45,15.0664,0.0,0.0,0.0,0.0,0.0,,
2017-05-12,1502962535.59,15.0376,0.0,0.0,0.0,0.0,0.0,,
2017-05-11,1502962535.59,15.0376,0.0,0.0,0.0,0.0,0.0,,
2017-05-09,1502962535.59,15.0376,0.0,0.0,0.0,0.0,0.0,,
2017-05-08,1506684292.17,15.0749,0.0,0.0,0.0,0.0,0.0,,
2017-05-05,1506684292.17,15.0749,0.0,0.0,0.0,0.0,0.0,,
2017-05-04,1506684292.17,15.0749,0.0,0.0,0.0,0.0,0.0,,
2017-05-03,1506684292.17,15.0749,0.0,0.0,0.0,0.0,0.0,,
2017-05-02,1505064551.75,15.0587,0.0,0.0,0.0,0.0,0.0,,
2017-04-28,1505064551.75,15.0587,0.0,0.0,0.0,0.0,0.0,,
2017-04-27,1505064551.75,15.0587,0.0,0.0,0.0,0.0,0.0,,
2017-04-26,1505064551.75,15.0587,0.0,0.0,0.0,0.0,0.0,,
2017-04-25,1505064551.75,15.0587,0.0,0.0,0.0,0.0,0.0,,
2017-04-24,1503958186.39,15.0476,0.0,0.0,0.0,0.0,0.0,,
2017-04-21,1503958186.39,15.0476,0.0,0.0,0.0,0.0,0.0,,
2017-04-20,1503958186.39,15.0476,0.0,0.0,0.0,0.0,0.0,,
2017-04-19,1503958186.39,15.0476,0.0,0.0,0.0,0.0,0.0,,
2017-04-18,1503958186.39,15.0476,0.0,0.0,0.0,0.0,0.0,,
2017-04-17,1503958186.39,15.0476,0.0,0.0,0.0,0.0,0.0,,
2017-04-12,1502415794.91,15.0322,0.0,0.0,0.0,0.0,0.0,,
2017-04-11,1502415794.91,15.0322,0.0,0.0,0.0,0.0,0.0,,
2017-04-10,1502415794.91,15.0322,0.0,0.0,0.0,0.0,0.0,,
2017-04-07,1494157997.07,14.9495,0.0,0.0,0.0,0.0,0.0,,
2017-04-05,1494157997.07,14.9495,0.0,0.0,0.0,0.0,0.0,,
2017-04-04,1494157997.07,14.9495,0.0,0.0,0.0,0.0,0.0,,
2017-04-03,1495742877.61,14.9654,0.0,0.0,0.0,0.0,0.0,,
2017-03-31,1495742877.61,14.9654,0.0,0.0,0.0,0.0,0.0,,
2017-03-30,1495742877.61,14.9654,0.0,0.0,0.0,0.0,0.0,,
2017-03-29,1495742877.61,14.9654,0.0,0.0,0.0,0.0,0.0,,
2017-03-28,1495742877.61,14.9654,0.0,0.0,0.0,0.0,0.0,,
2017-03-27,1492023245.14,14.9282,0.0,0.0,0.0,0.0,0.0,,
2017-03-24,1492023245.14,14.9282,0.0,0.0,0.0,0.0,0.0,,
2017-03-23,1492023245.14,14.9282,0.0,0.0,0.0,0.0,0.0,,
2017-03-22,1492023245.14,14.9282,0.0,0.0,0.0,0.0,0.0,,
2017-03-21,1492023245.14,14.9282,0.0,0.0,0.0,0.0,0.0,,
2017-03-20,1492656017.54,14.9345,0.0,0.0,0.0,0.0,0.0,,
2017-03-17,1492656017.54,14.9345,0.0,0.0,0.0,0.0,0.0,,
2017-03-16,1492656017.54,14.9345,0.0,0.0,0.0,0.0,0.0,,
2017-03-15,1492656017.54,14.9345,0.0,0.0,0.0,0.0,0.0,,
2017-03-14,1492656017.54,14.9345,0.0,0.0,0.0,0.0,0.0,,
2017-03-13,1497268343.64,14.9806,0.0,0.0,0.0,0.0,0.0,,
2017-03-10,1497268343.64,14.9806,0.0,0.0,0.0,0.0,0.0,,
2017-03-09,1497268343.64,14.9806,0.0,0.0,0.0,0.0,0.0,,
2017-03-08,1497268343.64,14.9806,0.0,0.0,0.0,0.0,0.0,,
2017-03-07,1497268343.64,14.9806,0.0,0.0,0.0,0.0,0.0,,
2017-03-06,1503040919.83,15.0384,0.0,0.0,0.0,0.0,0.0,,
2017-03-03,1503040919.83,15.0384,0.0,0.0,0.0,0.0,0.0,,
2017-03-02,1503040919.83,15.0384,0.0,0.0,0.0,0.0,0.0,,
2017-03-01,1504323002.17,15.0512,0.0,0.0,0.0,0.0,0.0,,
2017-02-28,1504323002.17,15.0512,0.0,0.0,0.0,0.0,0.0,,
2017-02-27,1495461416.11,14.9626,0.0,0.0,0.0,0.0,0.0,,
2017-02-24,1495461416.11,14.9626,0.0,0.0,0.0,0.0,0.0,,
2017-02-23,1495461416.11,14.9626,0.0,0.0,0.0,0.0,0.0,,
2017-02-22,1495461416.11,14.9626,0.0,0.0,0.0,0.0,0.0,,
2017-02-20,1496221543.2,14.9702,0.0,0.0,0.0,0.0,0.0,,
2017-02-17,1496221543.2,14.9702,0.0,0.0,0.0,0.0,0.0,,
2017-02-16,1496221543.2,14.9702,0.0,0.0,0.0,0.0,0.0,,
2017-02-15,1496221543.2,14.9702,0.0,0.0,0.0,0.0,0.0,,
2017-02-14,1490281186.32,14.9107,0.0,0.0,0.0,0.0,0.0,,
2017-02-10,1490281186.32,14.9107,0.0,0.0,0.0,0.0,0.0,,
2017-02-09,1490281186.32,14.9107,0.0,0.0,0.0,0.0,0.0,,
2017-02-08,1490281186.32,14.9107,0.0,0.0,0.0,0.0,0.0,,
2017-02-07,1490281186.32,14.9107,0.0,0.0,0.0,0.0,0.0,,
2017-02-06,1493378189.74,14.9417,0.0,0.0,0.0,0.0,0.0,,
2017-02-03,1493378189.74,14.9417,0.0,0.0,0.0,0.0,0.0,,
2017-02-02,1493378189.74,14.9417,0.0,0.0,0.0,0.0,0.0,,
2017-02-01,1493131340.28,14.9393,0.0,0.0,0.0,0.0,0.0,,
2017-01-31,1493131340.28,14.9393,0.0,0.0,0.0,0.0,0.0,,
2017-01-30,1496743450.29,14.9754,0.0,0.0,0.0,0.0,0.0,,
2017-01-27,1496743450.29,14.9754,0.0,0.0,0.0,0.0,0.0,,
2017-01-26,1496743450.29,14.9754,0.0,0.0,0.0,0.0,0.0,,
2017-01-25,1496743450.29,14.9754,0.0,0.0,0.0,0.0,0.0,,
2017-01-24,1496743450.29,14.9754,0.0,0.0,0.0,0.0,0.0,,
2017-01-23,1504824072.7,15.0562,0.0,0.0,0.0,0.0,0.0,,
2017-01-20,1504824072.7,15.0562,0.0,0.0,0.0,0.0,0.0,,
2017-01-19,1504824072.7,15.0562,0.0,0.0,0.0,0.0,0.0,,
2017-01-18,1504824072.7,15.0562,0.0,0.0,0.0,0.0,0.0,,
2017-01-17,1504824072.7,15.0562,0.0,0.0,0.0,0.0,0.0,,
2017-01-16,1506889300.18,15.0769,0.0,0.0,0.0,0.0,0.0,,
2017-01-13,1506889300.18,15.0769,0.0,0.0,0.0,0.0,0.0,,
2017-01-12,1506889300.18,15.0769,0.0,0.0,0.0,0.0,0.0,,
2017-01-11,1506889300.18,15.0769,0.0,0.0,0.0,0.0,0.0,,
2017-01-10,1506889300.18,15.0769,0.0,0.0,0.0,0.0,0.0,,
2017-01-09,1512314668.63,15.1312,0.0,0.0,0.0,0.0,0.0,,
2017-01-06,1512314668.63,15.1312,0.0,0.0,0.0,0.0,0.0,,
2017-01-05,1512314668.63,15.1312,0.0,0.0,0.0,0.0,0.0,,
2017-01-04,1508015643.01,15.0882,0.0,0.0,0.0,0.0,0.0,,
2016-12-30,1508015643.01,15.0882,0.0,0.0,0.0,0.0,0.0,,
2016-12-29,1508015643.01,15.0882,0.0,0.0,0.0,0.0,0.0,,
2016-12-28,1508015643.01,15.0882,0.0,0.0,0.0,0.0,0.0,,
2016-12-27,1508015643.01,15.0882,0.0,0.0,0.0,0.0,0.0,,
2016-12-26,1496969957.65,14.9777,0.0,0.0,0.0,0.0,0.0,,
2016-12-22,1496969957.65,14.9777,0.0,0.0,0.0,0.0,0.0,,
2016-12-21,1496969957.65,14.9777,0.0,0.0,0.0,0.0,0.0,,
2016-12-20,1496969957.65,14.9777,0.0,0.0,0.0,0.0,0.0,,
2016-12-16,1497316201.5,14.9811,0.0,0.0,0.0,0.0,0.0,,
2016-12-15,1497316201.5,14.9811,0.0,0.0,0.0,0.0,0.0,,
2016-12-14,1497316201.5,14.9811,0.0,0.0,0.0,0.0,0.0,,
2016-12-13,1503144957.64,15.0394,0.0,0.0,0.0,0.0,0.0,,
2016-12-09,1503144957.64,15.0394,0.0,0.0,0.0,0.0,0.0,,
2016-12-08,1503144957.64,15.0394,0.0,0.0,0.0,0.0,0.0,,
2016-12-07,1503144957.64,15.0394,0.0,0.0,0.0,0.0,0.0,,
2016-12-06,1503932834.62,15.0473,0.0,0.0,0.0,0.0,0.0,,
2016-12-02,1503932834.62,15.0473,0.0,0.0,0.0,0.0,0.0,,
2016-12-01,1502748125.8,15.0355,0.0,0.0,0.0,0.0,0.0,,
2016-11-30,1502748125.8,15.0355,0.0,0.0,0.0,0.0,0.0,,
2016-11-29,1502748125.8,15.0355,0.0,0.0,0.0,0.0,0.0,,
2016-11-28,1502779483.3,15.0358,0.0,0.0,0.0,0.0,0.0,,
2016-11-25,1502779483.3,15.0358,0.0,0.0,0.0,0.0,0.0,,
2016-11-24,1502779483.3,15.0358,0.0,0.0,0.0,0.0,0.0,,
2016-11-23,1502779483.3,15.0358,0.0,0.0,0.0,0.0,0.0,,
2016-11-22,1502779483.3,15.0358,0.0,0.0,0.0,0.0,0.0,,
2016-11-21,1505858857.01,15.0666,0.0,0.0,0.0,0.0,0.0,,
2016-11-18,1505858857.01,15.0666,0.0,0.0,0.0,0.0,0.0,,
2016-11-17,1505858857.01,15.0666,0.0,0.0,0.0,0.0,0.0,,
2016-11-16,1505858857.01,15.0666,0.0,0.0,0.0,0.0,0.0,,
2016-11-15,1505858857.01,15.0666,0.0,0.0,0.0,0.0,0.0,,
2016-11-14,1532860713.86,15.3368,0.0,0.0,0.0,0.0,0.0,,
2016-11-11,1532860713.86,15.3368,0.0,0.0,0.0,0.0,0.0,,
2016-11-10,1532860713.86,15.3368,0.0,0.0,0.0,0.0,0.0,,
2016-11-09,1532860713.86,15.3368,0.0,0.0,0.0,0.0,0.0,,
2016-11-08,1532860713.86,15.3368,0.0,0.0,0.0,0.0,0.0,,
2016-11-07,1530413940.71,15.3123,0.0,0.0,0.0,0.0,0.0,,
2016-11-04,1530413940.71,15.3123,0.0,0.0,0.0,0.0,0.0,,
2016-11-03,1530413940.71,15.3123,0.0,0.0,0.0,0.0,0.0,,
2016-11-02,1530413940.71,15.3123,0.0,0.0,0.0,0.0,0.0,,
2016-11-01,1529963050.93,15.3078,0.0,0.0,0.0,0.0,0.0,,
2016-10-31,1543679503.67,15.445,0.0,0.0,0.0,0.0,0.0,,
2016-10-28,1543679503.67,15.445,0.0,0.0,0.0,0.0,0.0,,
2016-10-27,1543679503.67,15.445,0.0,0.0,0.0,0.0,0.0,,
2016-10-26,1543679503.67,15.445,0.0,0.0,0.0,0.0,0.0,,
2016-10-25,1540041023.08,15.4086,0.0,0.0,0.0,0.0,0.0,,
2016-10-21,1540041023.08,15.4086,0.0,0.0,0.0,0.0,0.0,,
2016-10-20,1540041023.08,15.4086,0.0,0.0,0.0,0.0,0.0,,
2016-10-19,1540041023.08,15.4086,0.0,0.0,0.0,0.0,0.0,,
2016-10-18,1540041023.08,15.4086,0.0,0.0,0.0,0.0,0.0,,
2016-10-17,1540795712.28,15.4162,0.0,0.0,0.0,0.0,0.0,,
2016-10-14,1540795712.28,15.4162,0.0,0.0,0.0,0.0,0.0,,
2016-10-13,1540795712.28,15.4162,0.0,0.0,0.0,0.0,0.0,,
2016-10-12,1540795712.28,15.4162,0.0,0.0,0.0,0.0,0.0,,
2016-10-11,1540795712.28,15.4162,0.0,0.0,0.0,0.0,0.0,,
2016-10-10,1552988168.93,15.5381,0.0,0.0,0.0,0.0,0.0,,
2016-10-07,1552988168.93,15.5381,0.0,0.0,0.0,0.0,0.0,,
2016-10-06,1552988168.93,15.5381,0.0,0.0,0.0,0.0,0.0,,
2016-10-05,1552988168.93,15.5381,0.0,0.0,0.0,0.0,0.0,,
2016-10-04,1552988168.93,15.5381,0.0,0.0,0.0,0.0,0.0,,
2016-10-03,1550970342.08,15.518,0.0,0.0,0.0,0.0,0.0,,
2016-09-30,1550970342.08,15.518,0.0,0.0,0.0,0.0,0.0,,
2016-09-29,1550970342.08,15.518,0.0,0.0,0.0,0.0,0.0,,
2016-09-28,1550970342.08,15.518,0.0,0.0,0.0,0.0,0.0,,
2016-09-27,1550970342.08,15.518,0.0,0.0,0.0,0.0,0.0,,
2016-09-26,1541961235.64,15.4278,0.0,0.0,0.0,0.0,0.0,,
2016-09-23,1541961235.64,15.4278,0.0,0.0,0.0,0.0,0.0,,
2016-09-21,1541961235.64,15.4278,0.0,0.0,0.0,0.0,0.0,,
2016-09-20,1541961235.64,15.4278,0.0,0.0,0.0,0.0,0.0,,
2016-09-19,1543980994.14,15.448,0.0,0.0,0.0,0.0,0.0,,
2016-09-16,1543980994.14,15.448,0.0,0.0,0.0,0.0,0.0,,
2016-09-15,1543980994.14,15.448,0.0,0.0,0.0,0.0,0.0,,
2016-09-14,1543980994.14,15.448,0.0,0.0,0.0,0.0,0.0,,
2016-09-13,1543980994.14,15.448,0.0,0.0,0.0,0.0,0.0,,
2016-09-12,1549637437.63,15.5046,0.0,0.0,0.0,0.0,0.0,,
2016-09-09,1549637437.63,15.5046,0.0,0.0,0.0,0.0,0.0,,
2016-09-08,1549637437.63,15.5046,0.0,0.0,0.0,0.0,0.0,,
2016-09-07,1549637437.63,15.5046,0.0,0.0,0.0,0.0,0.0,,
2016-09-06,1549637437.63,15.5046,0.0,0.0,0.0,0.0,0.0,,
2016-09-05,1594653224.4,15.955,0.0,0.0,0.0,0.0,0.0,,
2016-09-02,1594653224.4,15.955,0.0,0.0,0.0,0.0,0.0,,
2016-09-01,1592326237.95,15.9317,0.0,0.0,0.0,0.0,0.0,,
2016-08-31,1592326237.95,15.9317,0.0,0.0,0.0,0.0,0.0,,
2016-08-30,1592326237.95,15.9317,0.0,0.0,0.0,0.0,0.0,,
2016-08-29,1592971615.61,15.9382,0.0,0.0,0.0,0.0,0.0,,
2016-08-26,1592971615.61,15.9382,0.0,0.0,0.0,0.0,0.0,,
2016-08-25,1592971615.61,15.9382,0.0,0.0,0.0,0.0,0.0,,
2016-08-24,1592971615.61,15.9382,0.0,0.0,0.0,0.0,0.0,,
2016-08-23,1592971615.61,15.9382,0.0,0.0,0.0,0.0,0.0,,
2016-08-22,1599344720.93,16.002,0.0,0.0,0.0,0.0,0.0,,
2016-08-19,1599344720.93,16.002,0.0,0.0,0.0,0.0,0.0,,
2016-08-18,1599344720.93,16.002,0.0,0.0,0.0,0.0,0.0,,
2016-08-17,1599344720.93,16.002,0.0,0.0,0.0,0.0,0.0,,
2016-08-16,1599344720.93,16.002,0.0,0.0,0.0,0.0,0.0,,
2016-08-15,1594065239.76,15.9491,0.0,0.0,0.0,0.0,0.0,,
2016-08-11,1594065239.76,15.9491,0.0,0.0,0.0,0.0,0.0,,
2016-08-10,1594065239.76,15.9491,0.0,0.0,0.0,0.0,0.0,,
2016-08-09,1594065239.76,15.9491,0.0,0.0,0.0,0.0,0.0,,
2016-08-08,1599027816.03,15.9988,0.0,0.0,0.0,0.0,0.0,,
2016-08-05,1599027816.03,15.9988,0.0,0.0,0.0,0.0,0.0,,
2016-08-04,1599027816.03,15.9988,0.0,0.0,0.0,0.0,0.0,,
2016-08-03,1599027816.03,15.9988,0.0,0.0,0.0,0.0,0.0,,
2016-08-02,1599027816.03,15.9988,0.0,0.0,0.0,0.0,0.0,,
2016-08-01,1587942295.43,15.8879,0.0,0.0,0.0,0.0,0.0,,
2016-07-29,1587942295.43,15.8879,0.0,0.0,0.0,0.0,0.0,,
2016-07-28,1587942295.43,15.8879,0.0,0.0,0.0,0.0,0.0,,
2016-07-27,1587942295.43,15.8879,0.0,0.0,0.0,0.0,0.0,,
2016-07-26,1587942295.43,15.8879,0.0,0.0,0.0,0.0,0.0,,
2016-07-25,1586201049.72,15.8705,0.0,0.0,0.0,0.0,0.0,,
2016-07-22,1586201049.72,15.8705,0.0,0.0,0.0,0.0,0.0,,
2016-07-21,1586201049.72,15.8705,0.0,0.0,0.0,0.0,0.0,,
2016-07-20,1604464833.23,16.0532,0.0,0.0,0.0,0.0,0.0,,
2016-07-15,1604464833.23,16.0532,0.0,0.0,0.0,0.0,0.0,,
2016-07-14,1604464833.23,16.0532,0.0,0.0,0.0,0.0,0.0,,
2016-07-13,1604464833.23,16.0532,0.0,0.0,0.0,0.0,0.0,,
2016-07-12,1604464833.23,16.0532,0.0,0.0,0.0,0.0,0.0,,
2016-07-08,1591488891.1,15.9234,0.0,0.0,0.0,0.0,0.0,,
2016-07-07,1591488891.1,15.9234,0.0,0.0,0.0,0.0,0.0,,
2016-07-06,1591488891.1,15.9234,0.0,0.0,0.0,0.0,0.0,,
2016-07-05,1591488891.1,15.9234,0.0,0.0,0.0,0.0,0.0,,
2016-07-04,1578636394.97,15.7948,0.0,0.0,0.0,0.0,0.0,,
2016-06-30,1578636394.97,15.7948,0.0,0.0,0.0,0.0,0.0,,
2016-06-29,1578636394.97,15.7948,0.0,0.0,0.0,0.0,0.0,,
2016-06-28,1578636394.97,15.7948,0.0,0.0,0.0,0.0,0.0,,
2016-06-27,1572960653.84,15.738,0.0,0.0,0.0,0.0,0.0,,
2016-06-24,1572960653.84,15.738,0.0,0.0,0.0,0.0,0.0,,
2016-06-23,1572960653.84,15.738,0.0,0.0,0.0,0.0,0.0,,
2016-06-22,1572960653.84,15.738,0.0,0.0,0.0,0.0,0.0,,
2016-06-21,1572960653.84,15.738,0.0,0.0,0.0,0.0,0.0,,
2016-06-20,1571731066.67,15.7257,0.0,0.0,0.0,0.0,0.0,,
2016-06-17,1571731066.67,15.7257,0.0,0.0,0.0,0.0,0.0,,
2016-06-16,1571731066.67,15.7257,0.0,0.0,0.0,0.0,0.0,,
2016-06-15,1571731066.67,15.7257,0.0,0.0,0.0,0.0,0.0,,
2016-06-14,1571731066.67,15.7257,0.0,0.0,0.0,0.0,0.0,,
2016-06-13,1567979345.12,15.6881,0.0,0.0,0.0,0.0,0.0,,
2016-06-10,1567979345.12,15.6881,0.0,0.0,0.0,0.0,0.0,,
2016-06-09,1567979345.12,15.6881,0.0,0.0,0.0,0.0,0.0,,
2016-06-08,1567979345.12,15.6881,0.0,0.0,0.0,0.0,0.0,,
2016-06-07,1567979345.12,15.6881,0.0,0.0,0.0,0.0,0.0,,
2016-06-06,1559093993.56,15.5992,0.0,0.0,0.0,0.0,0.0,,
2016-06-03,1559093993.56,15.5992,0.0,0.0,0.0,0.0,0.0,,
2016-06-02,1559093993.56,15.5992,0.0,0.0,0.0,0.0,0.0,,
2016-06-01,1557289082.37,15.5812,0.0,0.0,0.0,0.0,0.0,,
2016-05-31,1557289082.37,15.5812,0.0,0.0,0.0,0.0,0.0,,
2016-05-30,1554326761.76,15.5515,0.0,0.0,0.0,0.0,0.0,,
2016-05-27,1554326761.76,15.5515,0.0,0.0,0.0,0.0,0.0,,
2016-05-26,1554326761.76,15.5515,0.0,0.0,0.0,0.0,0.0,,
2016-05-25,1554326761.76,15.5515,0.0,0.0,0.0,0.0,0.0,,
2016-05-24,1554326761.76,15.5515,0.0,0.0,0.0,0.0,0.0,,
2016-05-23,1556680962.55,15.5751,0.0,0.0,0.0,0.0,0.0,,
2016-05-19,1556680962.55,15.5751,0.0,0.0,0.0,0.0,0.0,,
2016-05-18,1556680962.55,15.5751,0.0,0.0,0.0,0.0,0.0,,
2016-05-17,1556680962.55,15.5751,0.0,0.0,0.0,0.0,0.0,,
2016-05-16,1544515158.13,15.4534,0.0,0.0,0.0,0.0,0.0,,
2016-05-13,1544515158.13,15.4534,0.0,0.0,0.0,0.0,0.0,,
2016-05-12,1544515158.13,15.4534,0.0,0.0,0.0,0.0,0.0,,
2016-05-11,1544515158.13,15.4534,0.0,0.0,0.0,0.0,0.0,,
2016-05-10,1544515158.13,15.4534,0.0,0.0,0.0,0.0,0.0,,
2016-05-09,1536541801.03,15.3736,0.0,0.0,0.0,0.0,0.0,,
2016-05-04,1536440983.05,15.3726,0.0,0.0,0.0,0.0,0.0,,
2016-05-03,1536360318.28,15.3718,0.0,0.0,0.0,0.0,0.0,,
2016-04-29,1536360318.28,15.3718,0.0,0.0,0.0,0.0,0.0,,
2016-04-28,1536360318.28,15.3718,0.0,0.0,0.0,0.0,0.0,,
2016-04-27,1536360318.28,15.3718,0.0,0.0,0.0,0.0,0.0,,
2016-04-26,1536360318.28,15.3718,0.0,0.0,0.0,0.0,0.0,,
2016-04-25,1544742399.66,15.4556,0.0,0.0,0.0,0.0,0.0,,
2016-04-22,1544742399.66,15.4556,0.0,0.0,0.0,0.0,0.0,,
2016-04-21,1544742399.66,15.4556,0.0,0.0,0.0,0.0,0.0,,
2016-04-20,1544742399.66,15.4556,0.0,0.0,0.0,0.0,0.0,,
2016-04-19,1544742399.66,15.4556,0.0,0.0,0.0,0.0,0.0,,
2016-04-18,1552240289.14,15.5307,0.0,0.0,0.0,0.0,0.0,,
2016-04-12,1552240289.14,15.5307,0.0,0.0,0.0,0.0,0.0,,
2016-04-11,1546751508.67,15.4757,0.0,0.0,0.0,0.0,0.0,,
2016-04-08,1546751508.67,15.4757,0.0,0.0,0.0,0.0,0.0,,
2016-04-07,1546751508.67,15.4757,0.0,0.0,0.0,0.0,0.0,,
2016-04-05,1546751508.67,15.4757,0.0,0.0,0.0,0.0,0.0,,
2016-04-04,1548513773.62,15.4934,0.0,0.0,0.0,0.0,0.0,,
2016-04-01,1541444903.7,15.4227,0.0,0.0,0.0,0.0,0.0,,
2016-03-31,1541444903.7,15.4227,0.0,0.0,0.0,0.0,0.0,,
2016-03-30,1541444903.7,15.4227,0.0,0.0,0.0,0.0,0.0,,
2016-03-29,1541444903.7,15.4227,0.0,0.0,0.0,0.0,0.0,,
2016-03-28,1533134923.52,15.3395,0.0,0.0,0.0,0.0,0.0,,
2016-03-25,1533134923.52,15.3395,0.0,0.0,0.0,0.0,0.0,,
2016-03-24,1533134923.52,15.3395,0.0,0.0,0.0,0.0,0.0,,
2016-03-23,1533134923.52,15.3395,0.0,0.0,0.0,0.0,0.0,,
2016-03-22,1533134923.52,15.3395,0.0,0.0,0.0,0.0,0.0,,
2016-03-21,1528309982.34,15.2912,0.0,0.0,0.0,0.0,0.0,,
2016-03-18,1528309982.34,15.2912,0.0,0.0,0.0,0.0,0.0,,
2016-03-17,1528309982.34,15.2912,0.0,0.0,0.0,0.0,0.0,,
2016-03-16,1528309982.34,15.2912,0.0,0.0,0.0,0.0,0.0,,
2016-03-15,1528309982.34,15.2912,0.0,0.0,0.0,0.0,0.0,,
2016-03-14,1535579268.46,15.364,0.0,0.0,0.0,0.0,0.0,,
2016-03-11,1535579268.46,15.364,0.0,0.0,0.0,0.0,0.0,,
2016-03-10,1535579268.46,15.364,0.0,0.0,0.0,0.0,0.0,,
2016-03-09,1535579268.46,15.364,0.0,0.0,0.0,0.0,0.0,,
2016-03-08,1535579268.46,15.364,0.0,0.0,0.0,0.0,0.0,,
2016-03-07,1550657009.48,15.5148,0.0,0.0,0.0,0.0,0.0,,
2016-03-04,1550657009.48,15.5148,0.0,0.0,0.0,0.0,0.0,,
2016-03-03,1550657009.48,15.5148,0.0,0.0,0.0,0.0,0.0,,
2016-03-02,1550657009.48,15.5148,0.0,0.0,0.0,0.0,0.0,,
2016-03-01,1546489710.95,15.4731,0.0,0.0,0.0,0.0,0.0,,
2016-02-29,1543100393.73,15.4392,0.0,0.0,0.0,0.0,0.0,,
2016-02-26,1543100393.73,15.4392,0.0,0.0,0.0,0.0,0.0,,
2016-02-25,1543100393.73,15.4392,0.0,0.0,0.0,0.0,0.0,,
2016-02-24,1543100393.73,15.4392,0.0,0.0,0.0,0.0,0.0,,
2016-02-23,1539012020.08,15.3983,0.0,0.0,0.0,0.0,0.0,,
2016-02-19,1539012020.08,15.3983,0.0,0.0,0.0,0.0,0.0,,
2016-02-18,1539012020.08,15.3983,0.0,0.0,0.0,0.0,0.0,,
2016-02-17,1539012020.08,15.3983,0.0,0.0,0.0,0.0,0.0,,
2016-02-16,1539012020.08,15.3983,0.0,0.0,0.0,0.0,0.0,,
2016-02-15,1535530943.45,15.3635,0.0,0.0,0.0,0.0,0.0,,
2016-02-12,1535530943.45,15.3635,0.0,0.0,0.0,0.0,0.0,,
2016-02-11,1535530943.45,15.3635,0.0,0.0,0.0,0.0,0.0,,
2016-02-10,1535530943.45,15.3635,0.0,0.0,0.0,0.0,0.0,,
2016-02-09,1535530943.45,15.3635,0.0,0.0,0.0,0.0,0.0,,
2016-02-08,1536566680.8,15.3738,0.0,0.0,0.0,0.0,0.0,,
2016-02-05,1536566680.8,15.3738,0.0,0.0,0.0,0.0,0.0,,
2016-02-04,1536398859.15,15.3722,0.0,0.0,0.0,0.0,0.0,,
2016-02-03,1536398859.15,15.3722,0.0,0.0,0.0,0.0,0.0,,
2016-02-02,1536398859.15,15.3722,0.0,0.0,0.0,0.0,0.0,,
2016-02-01,1530757917.38,15.3157,0.0,0.0,0.0,0.0,0.0,,
2016-01-29,1530757917.38,15.3157,0.0,0.0,0.0,0.0,0.0,,
2016-01-28,1530757917.38,15.3157,0.0,0.0,0.0,0.0,0.0,,
2016-01-27,1530757917.38,15.3157,0.0,0.0,0.0,0.0,0.0,,
2016-01-26,1530757917.38,15.3157,0.0,0.0,0.0,0.0,0.0,,
2016-01-25,1535029802.04,15.3585,0.0,0.0,0.0,0.0,0.0,,
2016-01-22,1535029802.04,15.3585,0.0,0.0,0.0,0.0,0.0,,
2016-01-21,1535029802.04,15.3585,0.0,0.0,0.0,0.0,0.0,,
2016-01-20,1535029802.04,15.3585,0.0,0.0,0.0,0.0,0.0,,
2016-01-19,1535029802.04,15.3585,0.0,0.0,0.0,0.0,0.0,,
2016-01-18,1526216996.46,15.2703,0.0,0.0,0.0,0.0,0.0,,
2016-01-15,1526216996.46,15.2703,0.0,0.0,0.0,0.0,0.0,,
2016-01-14,1526216996.46,15.2703,0.0,0.0,0.0,0.0,0.0,,
2016-01-13,1526216996.46,15.2703,0.0,0.0,0.0,0.0,0.0,,
2016-01-12,1526216996.46,15.2703,0.0,0.0,0.0,0.0,0.0,,
2016-01-11,1513430642.13,15.1424,0.0,0.0,0.0,0.0,0.0,,
2016-01-08,1513430642.13,15.1424,0.0,0.0,0.0,0.0,0.0,,
2016-01-07,1513430642.13,15.1424,0.0,0.0,0.0,0.0,0.0,,
2016-01-06,1513430642.13,15.1424,0.0,0.0,0.0,0.0,0.0,,
2016-01-05,1513430642.13,15.1424,0.0,0.0,0.0,0.0,0.0,,
2016-01-04,1514313997.51,15.1512,0.0,0.0,0.0,0.0,0.0,,
2015-12-30,1514313997.51,15.1512,0.0,0.0,0.0,0.0,0.0,,
2015-12-29,1514313997.51,15.1512,0.0,0.0,0.0,0.0,0.0,,
2015-12-28,1520132397.01,15.2094,0.0,0.0,0.0,0.0,0.0,,
2015-12-25,1520132397.01,15.2094,0.0,0.0,0.0,0.0,0.0,,
2015-12-24,1520132397.01,15.2094,0.0,0.0,0.0,0.0,0.0,,
2015-12-23,1520132397.01,15.2094,0.0,0.0,0.0,0.0,0.0,,
2015-12-22,1520132397.01,15.2094,0.0,0.0,0.0,0.0,0.0,,
2015-12-21,1521733013.53,15.2254,0.0,0.0,0.0,0.0,0.0,,
2015-12-18,1521733013.53,15.2254,0.0,0.0,0.0,0.0,0.0,,
2015-12-17,1521733013.53,15.2254,0.0,0.0,0.0,0.0,0.0,,
2015-12-16,1521733013.53,15.2254,0.0,0.0,0.0,0.0,0.0,,
2015-12-15,1521733013.53,15.2254,0.0,0.0,0.0,0.0,0.0,,
2015-12-14,1506921156.09,15.0772,0.0,0.0,0.0,0.0,0.0,,
2015-12-11,1506921156.09,15.0772,0.0,0.0,0.0,0.0,0.0,,
2015-12-09,1506921156.09,15.0772,0.0,0.0,0.0,0.0,0.0,,
2015-12-08,1516232991.51,15.1704,0.0,0.0,0.0,0.0,0.0,,
2015-12-04,1516232991.51,15.1704,0.0,0.0,0.0,0.0,0.0,,
2015-12-03,1516232991.51,15.1704,0.0,0.0,0.0,0.0,0.0,,
2015-12-02,1516232991.51,15.1704,0.0,0.0,0.0,0.0,0.0,,
2015-12-01,1515182849.74,15.1599,0.0,0.0,0.0,0.0,0.0,,
2015-11-30,1509973733.61,15.1078,0.0,0.0,0.0,0.0,0.0,,
2015-11-27,1509973733.61,15.1078,0.0,0.0,0.0,0.0,0.0,,
2015-11-26,1509973733.61,15.1078,0.0,0.0,0.0,0.0,0.0,,
2015-11-25,1509973733.61,15.1078,0.0,0.0,0.0,0.0,0.0,,
2015-11-24,1509973733.61,15.1078,0.0,0.0,0.0,0.0,0.0,,
2015-11-23,1506168871.63,15.0697,0.0,0.0,0.0,0.0,0.0,,
2015-11-20,1506168871.63,15.0697,0.0,0.0,0.0,0.0,0.0,,
2015-11-19,1506168871.63,15.0697,0.0,0.0,0.0,0.0,0.0,,
2015-11-18,1506168871.63,15.0697,0.0,0.0,0.0,0.0,0.0,,
2015-11-17,1506168871.63,15.0697,0.0,0.0,0.0,0.0,0.0,,
2015-11-16,1494952990.18,14.9575,0.0,0.0,0.0,0.0,0.0,,
2015-11-13,1494952990.18,14.9575,0.0,0.0,0.0,0.0,0.0,,
2015-11-12,1494952990.18,14.9575,0.0,0.0,0.0,0.0,0.0,,
2015-11-11,1494952990.18,14.9575,0.0,0.0,0.0,0.0,0.0,,
2015-11-10,1494952990.18,14.9575,0.0,0.0,0.0,0.0,0.0,,
2015-11-09,1510516529.18,15.1132,0.0,0.0,0.0,0.0,0.0,,
2015-11-06,1510516529.18,15.1132,0.0,0.0,0.0,0.0,0.0,,
2015-11-05,1510516529.18,15.1132,0.0,0.0,0.0,0.0,0.0,,
2015-11-04,1510516529.18,15.1132,0.0,0.0,0.0,0.0,0.0,,
2015-11-03,1510432729.85,15.1124,0.0,0.0,0.0,0.0,0.0,,
2015-11-02,1516146925.24,15.1695,0.0,0.0,0.0,0.0,0.0,,
2015-10-30,1516146925.24,15.1695,0.0,0.0,0.0,0.0,0.0,,
2015-10-29,1516146925.24,15.1695,0.0,0.0,0.0,0.0,0.0,,
2015-10-28,1516146925.24,15.1695,0.0,0.0,0.0,0.0,0.0,,
2015-10-27,1516146925.24,15.1695,0.0,0.0,0.0,0.0,0.0,,
2015-10-26,1507973100.34,15.0878,0.0,0.0,0.0,0.0,0.0,,
2015-10-22,1507973100.34,15.0878,0.0,0.0,0.0,0.0,0.0,,
2015-10-21,1507973100.34,15.0878,0.0,0.0,0.0,0.0,0.0,,
2015-10-20,1507973100.34,15.0878,0.0,0.0,0.0,0.0,0.0,,
2015-10-19,1507869196.07,15.0867,0.0,0.0,0.0,0.0,0.0,,
2015-10-16,1507869196.07,15.0867,0.0,0.0,0.0,0.0,0.0,,
2015-10-15,1507869196.07,15.0867,0.0,0.0,0.0,0.0,0.0,,
2015-10-14,1507869196.07,15.0867,0.0,0.0,0.0,0.0,0.0,,
2015-10-13,1507869196.07,15.0867,0.0,0.0,0.0,0.0,0.0,,
2015-10-12,1533153699.61,15.3397,0.0,0.0,0.0,0.0,0.0,,
2015-10-09,1533153699.61,15.3397,0.0,0.0,0.0,0.0,0.0,,
2015-10-08,1533153699.61,15.3397,0.0,0.0,0.0,0.0,0.0,,
2015-10-07,1533153699.61,15.3397,0.0,0.0,0.0,0.0,0.0,,
2015-10-06,1533153699.61,15.3397,0.0,0.0,0.0,0.0,0.0,,
2015-10-05,1521607097.56,15.2242,0.0,0.0,0.0,0.0,0.0,,
2015-10-02,1521607097.56,15.2242,0.0,0.0,0.0,0.0,0.0,,
2015-10-01,1512284714.54,15.1309,0.0,0.0,0.0,0.0,0.0,,
2015-09-30,1512284714.54,15.1309,0.0,0.0,0.0,0.0,0.0,,
2015-09-29,1512284714.54,15.1309,0.0,0.0,0.0,0.0,0.0,,
2015-09-25,1504331388.37,15.0513,0.0,0.0,0.0,0.0,0.0,,
2015-09-24,1504331388.37,15.0513,0.0,0.0,0.0,0.0,0.0,,
2015-09-23,1504331388.37,15.0513,0.0,0.0,0.0,0.0,0.0,,
2015-09-22,1504331388.37,15.0513,0.0,0.0,0.0,0.0,0.0,,
2015-09-21,1505796054.86,15.066,0.0,0.0,0.0,0.0,0.0,,
2015-09-18,1505796054.86,15.066,0.0,0.0,0.0,0.0,0.0,,
2015-09-17,1505796054.86,15.066,0.0,0.0,0.0,0.0,0.0,,
2015-09-16,1505796054.86,15.066,0.0,0.0,0.0,0.0,0.0,,
2015-09-15,1505796054.86,15.066,0.0,0.0,0.0,0.0,0.0,,
2015-09-14,1503849257.35,15.0465,0.0,0.0,0.0,0.0,0.0,,
2015-09-11,1503849257.35,15.0465,0.0,0.0,0.0,0.0,0.0,,
2015-09-10,1503849257.35,15.0465,0.0,0.0,0.0,0.0,0.0,,
2015-09-09,1503849257.35,15.0465,0.0,0.0,0.0,0.0,0.0,,
2015-09-08,1503849257.35,15.0465,0.0,0.0,0.0,0.0,0.0,,
2015-09-07,1498398495.07,14.992,0.0,0.0,0.0,0.0,0.0,,
2015-09-04,1498398495.07,14.992,0.0,0.0,0.0,0.0,0.0,,
2015-09-03,1498398495.07,14.992,0.0,0.0,0.0,0.0,0.0,,
2015-09-02,1498398495.07,14.992,0.0,0.0,0.0,0.0,0.0,,
2015-09-01,1499531540.23,15.0033,0.0,0.0,0.0,0.0,0.0,,
2015-08-31,1508204860.39,15.0901,0.0,0.0,0.0,0.0,0.0,,
2015-08-28,1508204860.39,15.0901,0.0,0.0,0.0,0.0,0.0,,
2015-08-27,1508204860.39,15.0901,0.0,0.0,0.0,0.0,0.0,,
2015-08-26,1508204860.39,15.0901,0.0,0.0,0.0,0.0,0.0,,
2015-08-25,1508204860.39,15.0901,0.0,0.0,0.0,0.0,0.0,,
2015-08-24,1493586500.18,14.9438,0.0,0.0,0.0,0.0,0.0,,
2015-08-21,1493586500.18,14.9438,0.0,0.0,0.0,0.0,0.0,,
2015-08-20,1493586500.18,14.9438,0.0,0.0,0.0,0.0,0.0,,
2015-08-19,1493586500.18,14.9438,0.0,0.0,0.0,0.0,0.0,,
2015-08-18,1493586500.18,14.9438,0.0,0.0,0.0,0.0,0.0,,
2015-08-17,1491551053.09,14.9234,0.0,0.0,0.0,0.0,0.0,,
2015-08-14,1491551053.09,14.9234,0.0,0.0,0.0,0.0,0.0,,
2015-08-13,1491551053.09,14.9234,0.0,0.0,0.0,0.0,0.0,,
2015-08-11,1491551053.09,14.9234,0.0,0.0,0.0,0.0,0.0,,
2015-08-10,1491523953.84,14.9232,0.0,0.0,0.0,0.0,0.0,,
2015-08-07,1491523953.84,14.9232,0.0,0.0,0.0,0.0,0.0,,
2015-08-06,1491523953.84,14.9232,0.0,0.0,0.0,0.0,0.0,,
2015-08-05,1491523953.84,14.9232,0.0,0.0,0.0,0.0,0.0,,
2015-08-04,1491523953.84,14.9232,0.0,0.0,0.0,0.0,0.0,,
2015-08-03,1479271132.52,14.8006,0.0,0.0,0.0,0.0,0.0,,
2015-07-31,1479271132.52,14.8006,0.0,0.0,0.0,0.0,0.0,,
2015-07-29,1479271132.52,14.8006,0.0,0.0,0.0,0.0,0.0,,
2015-07-28,1479271132.52,14.8006,0.0,0.0,0.0,0.0,0.0,,
2015-07-27,1458375399.32,14.5915,0.0,0.0,0.0,0.0,0.0,,
2015-07-24,1458375399.32,14.5915,0.0,0.0,0.0,0.0,0.0,,
2015-07-23,1458375399.32,14.5915,0.0,0.0,0.0,0.0,0.0,,
2015-07-22,1458375399.32,14.5915,0.0,0.0,0.0,0.0,0.0,,
2015-07-21,1458375399.32,14.5915,0.0,0.0,0.0,0.0,0.0,,
2015-07-20,1446220567.24,14.4699,0.0,0.0,0.0,0.0,0.0,,
2015-07-17,1446220567.24,14.4699,0.0,0.0,0.0,0.0,0.0,,
2015-07-16,1446220567.24,14.4699,0.0,0.0,0.0,0.0,0.0,,
2015-07-15,1446220567.24,14.4699,0.0,0.0,0.0,0.0,0.0,,
2015-07-14,1446220567.24,14.4699,0.0,0.0,0.0,0.0,0.0,,
2015-07-13,1443808074.15,14.4458,0.0,0.0,0.0,0.0,0.0,,
2015-07-10,1443808074.15,14.4458,0.0,0.0,0.0,0.0,0.0,,
2015-07-09,1443808074.15,14.4458,0.0,0.0,0.0,0.0,0.0,,
2015-07-08,1443808074.15,14.4458,0.0,0.0,0.0,0.0,0.0,,
2015-07-07,1443808074.15,14.4458,0.0,0.0,0.0,0.0,0.0,,
2015-07-06,1445723931.81,14.4649,0.0,0.0,0.0,0.0,0.0,,
2015-07-03,1445723931.81,14.4649,0.0,0.0,0.0,0.0,0.0,,
2015-07-02,1438111062.05,14.3888,0.0,0.0,0.0,0.0,0.0,,
2015-06-30,1438111062.05,14.3888,0.0,0.0,0.0,0.0,0.0,,
2015-06-29,1446915871.08,14.4769,0.0,0.0,0.0,0.0,0.0,,
2015-06-26,1446915871.08,14.4769,0.0,0.0,0.0,0.0,0.0,,
2015-06-25,1446915871.08,14.4769,0.0,0.0,0.0,0.0,0.0,,
2015-06-24,1446915871.08,14.4769,0.0,0.0,0.0,0.0,0.0,,
2015-06-23,1446915871.08,14.4769,0.0,0.0,0.0,0.0,0.0,,
2015-06-22,1442050623.15,14.4282,0.0,0.0,0.0,0.0,0.0,,
2015-06-19,1442050623.15,14.4282,0.0,0.0,0.0,0.0,0.0,,
2015-06-18,1442050623.15,14.4282,0.0,0.0,0.0,0.0,0.0,,
2015-06-17,1442050623.15,14.4282,0.0,0.0,0.0,0.0,0.0,,
2015-06-16,1442050623.15,14.4282,0.0,0.0,0.0,0.0,0.0,,
2015-06-15,1443493256.76,14.4426,0.0,0.0,0.0,0.0,0.0,,
2015-06-12,1443493256.76,14.4426,0.0,0.0,0.0,0.0,0.0,,
2015-06-11,1443493256.76,14.4426,0.0,0.0,0.0,0.0,0.0,,
2015-06-10,1443493256.76,14.4426,0.0,0.0,0.0,0.0,0.0,,
2015-06-09,1443493256.76,14.4426,0.0,0.0,0.0,0.0,0.0,,
2015-06-08,1467708563.27,14.6849,0.0,0.0,0.0,0.0,0.0,,
2015-06-05,1467708563.27,14.6849,0.0,0.0,0.0,0.0,0.0,,
2015-06-04,1467530360.91,14.6831,0.0,0.0,0.0,0.0,0.0,,
2015-06-03,1467530360.91,14.6831,0.0,0.0,0.0,0.0,0.0,,
2015-06-02,1453315995.11,14.5409,0.0,0.0,0.0,0.0,0.0,,
2015-05-29,1453315995.11,14.5409,0.0,0.0,0.0,0.0,0.0,,
2015-05-28,1453315995.11,14.5409,0.0,0.0,0.0,0.0,0.0,,
2015-05-27,1453315995.11,14.5409,0.0,0.0,0.0,0.0,0.0,,
2015-05-26,1453315995.11,14.5409,0.0,0.0,0.0,0.0,0.0,,
2015-05-25,1459457347.39,14.6023,0.0,0.0,0.0,0.0,0.0,,
2015-05-22,1459457347.39,14.6023,0.0,0.0,0.0,0.0,0.0,,
2015-05-21,1459457347.39,14.6023,0.0,0.0,0.0,0.0,0.0,,
2015-05-20,1459457347.39,14.6023,0.0,0.0,0.0,0.0,0.0,,
2015-05-19,1459457347.39,14.6023,0.0,0.0,0.0,0.0,0.0,,
2015-05-18,1462611417.29,14.6339,0.0,0.0,0.0,0.0,0.0,,
2015-05-15,1462611417.29,14.6339,0.0,0.0,0.0,0.0,0.0,,
2015-05-14,1462611417.29,14.6339,0.0,0.0,0.0,0.0,0.0,,
2015-05-13,1462611417.29,14.6339,0.0,0.0,0.0,0.0,0.0,,
2015-05-12,1462611417.29,14.6339,0.0,0.0,0.0,0.0,0.0,,
2015-05-11,1462307200.11,14.6309,0.0,0.0,0.0,0.0,0.0,,
2015-05-08,1462307200.11,14.6309,0.0,0.0,0.0,0.0,0.0,,
2015-05-07,1462307200.11,14.6309,0.0,0.0,0.0,0.0,0.0,,
2015-05-06,1468015346.23,14.688,0.0,0.0,0.0,0.0,0.0,,
2015-04-30,1468015346.23,14.688,0.0,0.0,0.0,0.0,0.0,,
2015-04-29,1468015346.23,14.688,0.0,0.0,0.0,0.0,0.0,,
2015-04-28,1468015346.23,14.688,0.0,0.0,0.0,0.0,0.0,,
2015-04-27,1471543343.03,14.7233,0.0,0.0,0.0,0.0,0.0,,
2015-04-24,1471543343.03,14.7233,0.0,0.0,0.0,0.0,0.0,,
2015-04-23,1471543343.03,14.7233,0.0,0.0,0.0,0.0,0.0,,
2015-04-22,1471543343.03,14.7233,0.0,0.0,0.0,0.0,0.0,,
2015-04-21,1471543343.03,14.7233,0.0,0.0,0.0,0.0,0.0,,
2015-04-20,1469148018.74,14.6993,0.0,0.0,0.0,0.0,0.0,,
2015-04-16,1472046044.69,14.7283,0.0,0.0,0.0,0.0,0.0,,
2015-04-10,1472046044.69,14.7283,0.0,0.0,0.0,0.0,0.0,,
2015-04-09,1472046044.69,14.7283,0.0,0.0,0.0,0.0,0.0,,
2015-04-08,1472046044.69,14.7283,0.0,0.0,0.0,0.0,0.0,,
2015-04-07,1470416299.78,14.712,0.0,0.0,0.0,0.0,0.0,,
2015-04-03,1470416299.78,14.712,0.0,0.0,0.0,0.0,0.0,,
2015-04-02,1470416299.78,14.712,0.0,0.0,0.0,0.0,0.0,,
2015-04-01,1469458501.64,14.7024,0.0,0.0,0.0,0.0,0.0,,
2015-03-31,1469458501.64,14.7024,0.0,0.0,0.0,0.0,0.0,,
2015-03-30,1472922971.33,14.7371,0.0,0.0,0.0,0.0,0.0,,
2015-03-27,1472922971.33,14.7371,0.0,0.0,0.0,0.0,0.0,,
2015-03-26,1472922971.33,14.7371,0.0,0.0,0.0,0.0,0.0,,
2015-03-25,1472922971.33,14.7371,0.0,0.0,0.0,0.0,0.0,,
2015-03-24,1472922971.33,14.7371,0.0,0.0,0.0,0.0,0.0,,
2015-03-23,1462666968.03,14.6344,0.0,0.0,0.0,0.0,0.0,,
2015-03-20,1462666968.03,14.6344,0.0,0.0,0.0,0.0,0.0,,
2015-03-19,1462666968.03,14.6344,0.0,0.0,0.0,0.0,0.0,,
2015-03-18,1462666968.03,14.6344,0.0,0.0,0.0,0.0,0.0,,
2015-03-17,1462666968.03,14.6344,0.0,0.0,0.0,0.0,0.0,,
2015-03-16,1442429236.04,14.432,0.0,0.0,0.0,0.0,0.0,,
2015-03-13,1442429236.04,14.432,0.0,0.0,0.0,0.0,0.0,,
2015-03-12,1442429236.04,14.432,0.0,0.0,0.0,0.0,0.0,,
2015-03-11,1442429236.04,14.432,0.0,0.0,0.0,0.0,0.0,,
2015-03-10,1442429236.04,14.432,0.0,0.0,0.0,0.0,0.0,,
2015-03-09,1452679405.78,14.5345,0.0,0.0,0.0,0.0,0.0,,
2015-03-06,1452529017.36,14.533,0.0,0.0,0.0,0.0,0.0,,
2015-03-05,1452529017.36,14.533,0.0,0.0,0.0,0.0,0.0,,
2015-03-03,1452529017.36,14.533,0.0,0.0,0.0,0.0,0.0,,
2015-03-02,1447461675.55,14.4823,0.0,0.0,0.0,0.0,0.0,,
2015-02-27,1447461675.55,14.4823,0.0,0.0,0.0,0.0,0.0,,
2015-02-26,1447461675.55,14.4823,0.0,0.0,0.0,0.0,0.0,,
2015-02-25,1447461675.55,14.4823,0.0,0.0,0.0,0.0,0.0,,
2015-02-24,1447461675.55,14.4823,0.0,0.0,0.0,0.0,0.0,,
2015-02-23,1452787066.47,14.5356,0.0,0.0,0.0,0.0,0.0,,
2015-02-20,1452787066.47,14.5356,0.0,0.0,0.0,0.0,0.0,,
2015-02-19,1452787066.47,14.5356,0.0,0.0,0.0,0.0,0.0,,
2015-02-17,1452787066.47,14.5356,0.0,0.0,0.0,0.0,0.0,,
2015-02-16,1455696283.61,14.5647,0.0,0.0,0.0,0.0,0.0,,
2015-02-13,1455696283.61,14.5647,0.0,0.0,0.0,0.0,0.0,,
2015-02-12,1455696283.61,14.5647,0.0,0.0,0.0,0.0,0.0,,
2015-02-11,1455696283.61,14.5647,0.0,0.0,0.0,0.0,0.0,,
2015-02-10,1455696283.61,14.5647,0.0,0.0,0.0,0.0,0.0,,
2015-02-09,1471022771.8,14.7181,0.0,0.0,0.0,0.0,0.0,,
2015-02-06,1471022771.8,14.7181,0.0,0.0,0.0,0.0,0.0,,
2015-02-05,1471022771.8,14.7181,0.0,0.0,0.0,0.0,0.0,,
2015-02-04,1471022771.8,14.7181,0.0,0.0,0.0,0.0,0.0,,
2015-02-03,1471022771.8,14.7181,0.0,0.0,0.0,0.0,0.0,,
2015-02-02,1460583582.67,14.6136,0.0,0.0,0.0,0.0,0.0,,
2015-01-30,1460583582.67,14.6136,0.0,0.0,0.0,0.0,0.0,,
2015-01-29,1460583582.67,14.6136,0.0,0.0,0.0,0.0,0.0,,
2015-01-28,1460583582.67,14.6136,0.0,0.0,0.0,0.0,0.0,,
2015-01-27,1460583582.67,14.6136,0.0,0.0,0.0,0.0,0.0,,
2015-01-26,1456273708.76,14.5705,0.0,0.0,0.0,0.0,0.0,,
2015-01-23,1456273708.76,14.5705,0.0,0.0,0.0,0.0,0.0,,
2015-01-22,1456273708.76,14.5705,0.0,0.0,0.0,0.0,0.0,,
2015-01-21,1456273708.76,14.5705,0.0,0.0,0.0,0.0,0.0,,
2015-01-20,1456273708.76,14.5705,0.0,0.0,0.0,0.0,0.0,,
2015-01-19,1449174293.65,14.4995,0.0,0.0,0.0,0.0,0.0,,
2015-01-16,1449174293.65,14.4995,0.0,0.0,0.0,0.0,0.0,,
2015-01-15,1449174293.65,14.4995,0.0,0.0,0.0,0.0,0.0,,
2015-01-14,1449174293.65,14.4995,0.0,0.0,0.0,0.0,0.0,,
2015-01-13,1449174293.65,14.4995,0.0,0.0,0.0,0.0,0.0,,
2015-01-12,1439375364.18,14.4014,0.0,0.0,0.0,0.0,0.0,,
2015-01-09,1438341710.77,14.3911,0.0,0.0,0.0,0.0,0.0,,
2015-01-08,1438341710.77,14.3911,0.0,0.0,0.0,0.0,0.0,,
2015-01-07,1438341710.77,14.3911,0.0,0.0,0.0,0.0,0.0,,
2015-01-06,1438341710.77,14.3911,0.0,0.0,0.0,0.0,0.0,,
2015-01-05,1431939652.31,14.327,0.0,0.0,0.0,0.0,0.0,,
2014-12-30,1431939652.31,14.327,0.0,0.0,0.0,0.0,0.0,,
2014-12-29,1432010275.89,14.3277,0.0,0.0,0.0,0.0,0.0,,
2014-12-26,1432010275.89,14.3277,0.0,0.0,0.0,0.0,0.0,,
2014-12-25,1432010275.89,14.3277,0.0,0.0,0.0,0.0,0.0,,
2014-12-24,1432010275.89,14.3277,0.0,0.0,0.0,0.0,0.0,,
2014-12-23,1432010275.89,14.3277,0.0,0.0,0.0,0.0,0.0,,
2014-12-22,1433267142.03,14.3403,0.0,0.0,0.0,0.0,0.0,,
2014-12-19,1433267142.03,14.3403,0.0,0.0,0.0,0.0,0.0,,
2014-12-18,1433267142.03,14.3403,0.0,0.0,0.0,0.0,0.0,,
2014-12-17,1433267142.03,14.3403,0.0,0.0,0.0,0.0,0.0,,
2014-12-16,1433267142.03,14.3403,0.0,0.0,0.0,0.0,0.0,,
2014-12-15,1426397241.46,14.2716,0.0,0.0,0.0,0.0,0.0,,
2014-12-12,1426397241.46,14.2716,0.0,0.0,0.0,0.0,0.0,,
2014-12-11,1426397241.46,14.2716,0.0,0.0,0.0,0.0,0.0,,
2014-12-09,1426397241.46,14.2716,0.0,0.0,0.0,0.0,0.0,,
2014-12-08,1428829994.68,14.2959,0.0,0.0,0.0,0.0,0.0,,
2014-12-04,1428626850.86,14.2939,0.0,0.0,0.0,0.0,0.0,,
2014-12-03,1428626850.86,14.2939,0.0,0.0,0.0,0.0,0.0,,
2014-12-02,1428626850.86,14.2939,0.0,0.0,0.0,0.0,0.0,,
2014-12-01,1418393091.94,14.1915,0.0,0.0,0.0,0.0,0.0,,
2014-11-28,1418393091.94,14.1915,0.0,0.0,0.0,0.0,0.0,,
2014-11-27,1418393091.94,14.1915,0.0,0.0,0.0,0.0,0.0,,
2014-11-26,1418393091.94,14.1915,0.0,0.0,0.0,0.0,0.0,,
2014-11-25,1418393091.94,14.1915,0.0,0.0,0.0,0.0,0.0,,
2014-11-24,1416138441.91,14.1689,0.0,0.0,0.0,0.0,0.0,,
2014-11-21,1416138441.91,14.1689,0.0,0.0,0.0,0.0,0.0,,
2014-11-20,1416138441.91,14.1689,0.0,0.0,0.0,0.0,0.0,,
2014-11-19,1416138441.91,14.1689,0.0,0.0,0.0,0.0,0.0,,
2014-11-18,1416138441.91,14.1689,0.0,0.0,0.0,0.0,0.0,,
2014-11-17,1414453130.24,14.1521,0.0,0.0,0.0,0.0,0.0,,
2014-11-14,1414453130.24,14.1521,0.0,0.0,0.0,0.0,0.0,,
2014-11-13,1414453130.24,14.1521,0.0,0.0,0.0,0.0,0.0,,
2014-11-12,1414453130.24,14.1521,0.0,0.0,0.0,0.0,0.0,,
2014-11-11,1414453130.24,14.1521,0.0,0.0,0.0,0.0,0.0,,
2014-11-10,1409744770.05,14.1049,0.0,0.0,0.0,0.0,0.0,,
2014-11-07,1409744770.05,14.1049,0.0,0.0,0.0,0.0,0.0,,
2014-11-06,1409744770.05,14.1049,0.0,0.0,0.0,0.0,0.0,,
2014-11-05,1409744770.05,14.1049,0.0,0.0,0.0,0.0,0.0,,
2014-11-04,1409744770.05,14.1049,0.0,0.0,0.0,0.0,0.0,,
2014-11-03,1407340628.14,14.0809,0.0,0.0,0.0,0.0,0.0,,
2014-10-31,1407340628.14,14.0809,0.0,0.0,0.0,0.0,0.0,,
2014-10-30,1407340628.14,14.0809,0.0,0.0,0.0,0.0,0.0,,
2014-10-29,1407340628.14,14.0809,0.0,0.0,0.0,0.0,0.0,,
2014-10-28,1407340628.14,14.0809,0.0,0.0,0.0,0.0,0.0,,
2014-10-27,1410448616.25,14.112,0.0,0.0,0.0,0.0,0.0,,
2014-10-24,1410448616.25,14.112,0.0,0.0,0.0,0.0,0.0,,
2014-10-22,1410448616.25,14.112,0.0,0.0,0.0,0.0,0.0,,
2014-10-21,1410448616.25,14.112,0.0,0.0,0.0,0.0,0.0,,
2014-10-20,1407316312.52,14.0806,0.0,0.0,0.0,0.0,0.0,,
2014-10-17,1407316312.52,14.0806,0.0,0.0,0.0,0.0,0.0,,
2014-10-16,1407316312.52,14.0806,0.0,0.0,0.0,0.0,0.0,,
2014-10-15,1407316312.52,14.0806,0.0,0.0,0.0,0.0,0.0,,
2014-10-14,1407316312.52,14.0806,0.0,0.0,0.0,0.0,0.0,,
2014-10-13,1400739038.18,14.0148,0.0,0.0,0.0,0.0,0.0,,
2014-10-10,1400739038.18,14.0148,0.0,0.0,0.0,0.0,0.0,,
2014-10-09,1400739038.18,14.0148,0.0,0.0,0.0,0.0,0.0,,
2014-10-08,1400739038.18,14.0148,0.0,0.0,0.0,0.0,0.0,,
2014-10-07,1400739038.18,14.0148,0.0,0.0,0.0,0.0,0.0,,
2014-10-06,1397553209.03,13.983,0.0,0.0,0.0,0.0,0.0,,
2014-10-03,1397553209.03,13.983,0.0,0.0,0.0,0.0,0.0,,
2014-10-02,1397553209.03,13.983,0.0,0.0,0.0,0.0,0.0,,
2014-10-01,1395103975.9,13.9585,0.0,0.0,0.0,0.0,0.0,,
2014-09-30,1395103975.9,13.9585,0.0,0.0,0.0,0.0,0.0,,
2014-09-29,1389728947.01,13.9047,0.0,0.0,0.0,0.0,0.0,,
2014-09-26,1389728947.01,13.9047,0.0,0.0,0.0,0.0,0.0,,
2014-09-25,1389728947.01,13.9047,0.0,0.0,0.0,0.0,0.0,,
2014-09-24,1389728947.01,13.9047,0.0,0.0,0.0,0.0,0.0,,
2014-09-23,1389728947.01,13.9047,0.0,0.0,0.0,0.0,0.0,,
2014-09-22,1386293953.27,13.8703,0.0,0.0,0.0,0.0,0.0,,
2014-09-19,1386293953.27,13.8703,0.0,0.0,0.0,0.0,0.0,,
2014-09-18,1386293953.27,13.8703,0.0,0.0,0.0,0.0,0.0,,
2014-09-17,1386293953.27,13.8703,0.0,0.0,0.0,0.0,0.0,,
2014-09-16,1386293953.27,13.8703,0.0,0.0,0.0,0.0,0.0,,
2014-09-12,1393502719.92,13.9424,0.0,0.0,0.0,0.0,0.0,,
2014-09-11,1393502719.92,13.9424,0.0,0.0,0.0,0.0,0.0,,
2014-09-10,1393502719.92,13.9424,0.0,0.0,0.0,0.0,0.0,,
2014-09-09,1393502719.92,13.9424,0.0,0.0,0.0,0.0,0.0,,
2014-09-08,1395650230.7,13.9639,0.0,0.0,0.0,0.0,0.0,,
2014-09-05,1395650230.7,13.9639,0.0,0.0,0.0,0.0,0.0,,
2014-09-04,1395486478.0,13.9623,0.0,0.0,0.0,0.0,0.0,,
2014-09-03,1395486478.0,13.9623,0.0,0.0,0.0,0.0,0.0,,
2014-09-02,1395486478.0,13.9623,0.0,0.0,0.0,0.0,0.0,,
2014-09-01,1387748373.21,13.8849,0.0,0.0,0.0,0.0,0.0,,
2014-08-29,1387748373.21,13.8849,0.0,0.0,0.0,0.0,0.0,,
2014-08-28,1387748373.21,13.8849,0.0,0.0,0.0,0.0,0.0,,
2014-08-27,1387748373.21,13.8849,0.0,0.0,0.0,0.0,0.0,,
2014-08-26,1387748373.21,13.8849,0.0,0.0,0.0,0.0,0.0,,
2014-08-25,1389033027.7,13.8977,0.0,0.0,0.0,0.0,0.0,,
2014-08-22,1389033027.7,13.8977,0.0,0.0,0.0,0.0,0.0,,
2014-08-21,1389033027.7,13.8977,0.0,0.0,0.0,0.0,0.0,,
2014-08-20,1389033027.7,13.8977,0.0,0.0,0.0,0.0,0.0,,
2014-08-19,1389033027.7,13.8977,0.0,0.0,0.0,0.0,0.0,,
2014-08-18,1386835406.72,13.8757,0.0,0.0,0.0,0.0,0.0,,
2014-08-15,1386835406.72,13.8757,0.0,0.0,0.0,0.0,0.0,,
2014-08-14,1386835406.72,13.8757,0.0,0.0,0.0,0.0,0.0,,
2014-08-13,1380793472.21,13.8153,0.0,0.0,0.0,0.0,0.0,,
2014-08-08,1380793472.21,13.8153,0.0,0.0,0.0,0.0,0.0,,
2014-08-07,1380793472.21,13.8153,0.0,0.0,0.0,0.0,0.0,,
2014-08-06,1380793472.21,13.8153,0.0,0.0,0.0,0.0,0.0,,
2014-08-05,1380793472.21,13.8153,0.0,0.0,0.0,0.0,0.0,,
2014-08-04,1375834482.22,13.7657,0.0,0.0,0.0,0.0,0.0,,
2014-08-01,1375157903.21,13.7589,0.0,0.0,0.0,0.0,0.0,,
2014-07-31,1375157903.21,13.7589,0.0,0.0,0.0,0.0,0.0,,
2014-07-30,1375157903.21,13.7589,0.0,0.0,0.0,0.0,0.0,,
2014-07-29,1375157903.21,13.7589,0.0,0.0,0.0,0.0,0.0,,
2014-07-28,1378341393.15,13.7907,0.0,0.0,0.0,0.0,0.0,,
2014-07-25,1378341393.15,13.7907,0.0,0.0,0.0,0.0,0.0,,
2014-07-24,1378341393.15,13.7907,0.0,0.0,0.0,0.0,0.0,,
2014-07-23,1378341393.15,13.7907,0.0,0.0,0.0,0.0,0.0,,
2014-07-22,1378341393.15,13.7907,0.0,0.0,0.0,0.0,0.0,,
2014-07-21,1372751943.55,13.7348,0.0,0.0,0.0,0.0,0.0,,
2014-07-18,1372751943.55,13.7348,0.0,0.0,0.0,0.0,0.0,,
2014-07-17,1372751943.55,13.7348,0.0,0.0,0.0,0.0,0.0,,
2014-07-16,1372751943.55,13.7348,0.0,0.0,0.0,0.0,0.0,,
2014-07-15,1372751943.55,13.7348,0.0,0.0,0.0,0.0,0.0,,
2014-07-14,1371793754.37,13.7252,0.0,0.0,0.0,0.0,0.0,,
2014-07-10,1371793754.37,13.7252,0.0,0.0,0.0,0.0,0.0,,
2014-07-09,1371793754.37,13.7252,0.0,0.0,0.0,0.0,0.0,,
2014-07-08,1377351716.76,13.7808,0.0,0.0,0.0,0.0,0.0,,
2014-07-07,1377351716.76,13.7808,0.0,0.0,0.0,0.0,0.0,,
2014-07-04,1377351716.76,13.7808,0.0,0.0,0.0,0.0,0.0,,
2014-07-03,1377351716.76,13.7808,0.0,0.0,0.0,0.0,0.0,,
2014-07-02,1376864771.63,13.776,0.0,0.0,0.0,0.0,0.0,,
2014-06-30,1369861067.14,13.7059,0.0,0.0,0.0,0.0,0.0,,
2014-06-27,1369861067.14,13.7059,0.0,0.0,0.0,0.0,0.0,,
2014-06-26,1369861067.14,13.7059,0.0,0.0,0.0,0.0,0.0,,
2014-06-25,1369861067.14,13.7059,0.0,0.0,0.0,0.0,0.0,,
2014-06-24,1369861067.14,13.7059,0.0,0.0,0.0,0.0,0.0,,
2014-06-23,1368839824.35,13.6957,0.0,0.0,0.0,0.0,0.0,,
2014-06-20,1368839824.35,13.6957,0.0,0.0,0.0,0.0,0.0,,
2014-06-19,1368839824.35,13.6957,0.0,0.0,0.0,0.0,0.0,,
2014-06-18,1368839824.35,13.6957,0.0,0.0,0.0,0.0,0.0,,
2014-06-17,1368839824.35,13.6957,0.0,0.0,0.0,0.0,0.0,,
2014-06-16,1373379682.92,13.7411,0.0,0.0,0.0,0.0,0.0,,
2014-06-13,1373379682.92,13.7411,0.0,0.0,0.0,0.0,0.0,,
2014-06-12,1373379682.92,13.7411,0.0,0.0,0.0,0.0,0.0,,
2014-06-11,1373379682.92,13.7411,0.0,0.0,0.0,0.0,0.0,,
2014-06-10,1373379682.92,13.7411,0.0,0.0,0.0,0.0,0.0,,
2014-06-09,1378278209.1,13.7901,0.0,0.0,0.0,0.0,0.0,,
2014-06-06,1378278209.1,13.7901,0.0,0.0,0.0,0.0,0.0,,
2014-06-05,1378278209.1,13.7901,0.0,0.0,0.0,0.0,0.0,,
2014-06-04,1378278209.1,13.7901,0.0,0.0,0.0,0.0,0.0,,
2014-06-03,1378278209.1,13.7901,0.0,0.0,0.0,0.0,0.0,,
2014-06-02,1368625155.06,13.6935,0.0,0.0,0.0,0.0,0.0,,
2014-05-30,1368625155.06,13.6935,0.0,0.0,0.0,0.0,0.0,,
2014-05-29,1368625155.06,13.6935,0.0,0.0,0.0,0.0,0.0,,
2014-05-28,1368625155.06,13.6935,0.0,0.0,0.0,0.0,0.0,,
2014-05-27,1368625155.06,13.6935,0.0,0.0,0.0,0.0,0.0,,
2014-05-26,1370285982.91,13.7101,0.0,0.0,0.0,0.0,0.0,,
2014-05-23,1370285982.91,13.7101,0.0,0.0,0.0,0.0,0.0,,
2014-05-22,1370285982.91,13.7101,0.0,0.0,0.0,0.0,0.0,,
2014-05-21,1370285982.91,13.7101,0.0,0.0,0.0,0.0,0.0,,
2014-05-20,1370285982.91,13.7101,0.0,0.0,0.0,0.0,0.0,,
2014-05-19,1364782111.1,13.6551,0.0,0.0,0.0,0.0,0.0,,
2014-05-16,1364782111.1,13.6551,0.0,0.0,0.0,0.0,0.0,,
2014-05-15,1364782111.1,13.6551,0.0,0.0,0.0,0.0,0.0,,
2014-05-14,1364782111.1,13.6551,0.0,0.0,0.0,0.0,0.0,,
2014-05-12,1361849594.35,13.6257,0.0,0.0,0.0,0.0,0.0,,
2014-05-09,1361849594.35,13.6257,0.0,0.0,0.0,0.0,0.0,,
2014-05-08,1361849594.35,13.6257,0.0,0.0,0.0,0.0,0.0,,
2014-05-07,1361849594.35,13.6257,0.0,0.0,0.0,0.0,0.0,,
2014-05-06,1357539315.44,13.5826,0.0,0.0,0.0,0.0,0.0,,
2014-05-02,1356267977.11,13.5699,0.0,0.0,0.0,0.0,0.0,,
2014-04-30,1356267977.11,13.5699,0.0,0.0,0.0,0.0,0.0,,
2014-04-29,1356267977.11,13.5699,0.0,0.0,0.0,0.0,0.0,,
2014-04-28,1351593307.67,13.5231,0.0,0.0,0.0,0.0,0.0,,
2014-04-25,1351593307.67,13.5231,0.0,0.0,0.0,0.0,0.0,,
2014-04-24,1351593307.67,13.5231,0.0,0.0,0.0,0.0,0.0,,
2014-04-23,1351593307.67,13.5231,0.0,0.0,0.0,0.0,0.0,,
2014-04-22,1351593307.67,13.5231,0.0,0.0,0.0,0.0,0.0,,
2014-04-21,1352024213.28,13.5274,0.0,0.0,0.0,0.0,0.0,,
2014-04-18,1352024213.28,13.5274,0.0,0.0,0.0,0.0,0.0,,
2014-04-17,1352024213.28,13.5274,0.0,0.0,0.0,0.0,0.0,,
2014-04-16,1353199966.27,13.5392,0.0,0.0,0.0,0.0,0.0,,
2014-04-11,1353199966.27,13.5392,0.0,0.0,0.0,0.0,0.0,,
2014-04-10,1353199966.27,13.5392,0.0,0.0,0.0,0.0,0.0,,
2014-04-09,1353199966.27,13.5392,0.0,0.0,0.0,0.0,0.0,,
2014-04-08,1349817503.1,13.5054,0.0,0.0,0.0,0.0,0.0,,
2014-04-04,1349817503.1,13.5054,0.0,0.0,0.0,0.0,0.0,,
2014-04-03,1349817503.1,13.5054,0.0,0.0,0.0,0.0,0.0,,
2014-04-02,1349817503.1,13.5054,0.0,0.0,0.0,0.0,0.0,,
2014-04-01,1350520589.06,13.5124,0.0,0.0,0.0,0.0,0.0,,
2014-03-31,1344657679.68,13.4537,0.0,0.0,0.0,0.0,0.0,,
2014-03-28,1344657679.68,13.4537,0.0,0.0,0.0,0.0,0.0,,
2014-03-27,1344657679.68,13.4537,0.0,0.0,0.0,0.0,0.0,,
2014-03-26,1344657679.68,13.4537,0.0,0.0,0.0,0.0,0.0,,
2014-03-25,1344657679.68,13.4537,0.0,0.0,0.0,0.0,0.0,,
2014-03-24,1339794547.28,13.4051,0.0,0.0,0.0,0.0,0.0,,
2014-03-21,1339794547.28,13.4051,0.0,0.0,0.0,0.0,0.0,,
2014-03-20,1339794547.28,13.4051,0.0,0.0,0.0,0.0,0.0,,
2014-03-19,1339794547.28,13.4051,0.0,0.0,0.0,0.0,0.0,,
2014-03-18,1339794547.28,13.4051,0.0,0.0,0.0,0.0,0.0,,
2014-03-17,1339794547.28,13.4051,0.0,0.0,0.0,0.0,0.0,,
2014-03-14,1339794547.28,13.4051,0.0,0.0,0.0,0.0,0.0,,
2014-03-13,1339794547.28,13.4051,0.0,0.0,0.0,0.0,0.0,,
2014-03-12,1339794547.28,13.4051,0.0,0.0,0.0,0.0,0.0,,
2014-03-11,1339794547.28,13.4051,0.0,0.0,0.0,0.0,0.0,,
2014-03-10,1348021710.55,13.4874,0.0,0.0,0.0,0.0,0.0,,
2014-03-07,1348021710.55,13.4874,0.0,0.0,0.0,0.0,0.0,,
2014-03-06,1348021710.55,13.4874,0.0,0.0,0.0,0.0,0.0,,
2014-03-05,1348021710.55,13.4874,0.0,0.0,0.0,0.0,0.0,,
2014-03-04,1348021710.55,13.4874,0.0,0.0,0.0,0.0,0.0,,
2014-03-03,1341101070.2,13.4181,0.0,0.0,0.0,0.0,0.0,,
2014-02-28,1341101070.2,13.4181,0.0,0.0,0.0,0.0,0.0,,
2014-02-27,1341101070.2,13.4181,0.0,0.0,0.0,0.0,0.0,,
2014-02-26,1341101070.2,13.4181,0.0,0.0,0.0,0.0,0.0,,
2014-02-25,1341101070.2,13.4181,0.0,0.0,0.0,0.0,0.0,,
2014-02-24,1339829158.35,13.4054,0.0,0.0,0.0,0.0,0.0,,
2014-02-21,1339829158.35,13.4054,0.0,0.0,0.0,0.0,0.0,,
2014-02-20,1339829158.35,13.4054,0.0,0.0,0.0,0.0,0.0,,
2014-02-19,1339829158.35,13.4054,0.0,0.0,0.0,0.0,0.0,,
2014-02-18,1339829158.35,13.4054,0.0,0.0,0.0,0.0,0.0,,
2014-02-17,1344384564.84,13.451,0.0,0.0,0.0,0.0,0.0,,
2014-02-13,1344384564.84,13.451,0.0,0.0,0.0,0.0,0.0,,
2014-02-12,1344384564.84,13.451,0.0,0.0,0.0,0.0,0.0,,
2014-02-11,1344384564.84,13.451,0.0,0.0,0.0,0.0,0.0,,
2014-02-10,1345801186.52,13.4652,0.0,0.0,0.0,0.0,0.0,,
2014-02-07,1345801186.52,13.4652,0.0,0.0,0.0,0.0,0.0,,
2014-02-06,1345801186.52,13.4652,0.0,0.0,0.0,0.0,0.0,,
2014-02-05,1345801186.52,13.4652,0.0,0.0,0.0,0.0,0.0,,
2014-02-04,1345801186.52,13.4652,0.0,0.0,0.0,0.0,0.0,,
2014-02-03,1338122017.62,13.3883,0.0,0.0,0.0,0.0,0.0,,
2014-01-31,1338122017.62,13.3883,0.0,0.0,0.0,0.0,0.0,,
2014-01-30,1338122017.62,13.3883,0.0,0.0,0.0,0.0,0.0,,
2014-01-29,1338122017.62,13.3883,0.0,0.0,0.0,0.0,0.0,,
2014-01-28,1338122017.62,13.3883,0.0,0.0,0.0,0.0,0.0,,
2014-01-27,1332772993.87,13.3348,0.0,0.0,0.0,0.0,0.0,,
2014-01-24,1332772993.87,13.3348,0.0,0.0,0.0,0.0,0.0,,
2014-01-23,1332772993.87,13.3348,0.0,0.0,0.0,0.0,0.0,,
2014-01-22,1332772993.87,13.3348,0.0,0.0,0.0,0.0,0.0,,
2014-01-21,1332772993.87,13.3348,0.0,0.0,0.0,0.0,0.0,,
2014-01-20,1331337023.1,13.3204,0.0,0.0,0.0,0.0,0.0,,
2014-01-17,1332772993.87,13.3348,0.0,0.0,0.0,0.0,0.0,,
2014-01-16,1331337023.1,13.3204,0.0,0.0,0.0,0.0,0.0,,
2014-01-15,1331337023.1,13.3204,0.0,0.0,0.0,0.0,0.0,,
2014-01-14,1331337023.1,13.3204,0.0,0.0,0.0,0.0,0.0,,
2014-01-13,1324978449.94,13.2568,0.0,0.0,0.0,0.0,0.0,,
2014-01-10,1331337023.1,13.3204,0.0,0.0,0.0,0.0,0.0,,
2014-01-09,1324978449.94,13.2568,0.0,0.0,0.0,0.0,0.0,,
2014-01-08,1324978449.94,13.2568,0.0,0.0,0.0,0.0,0.0,,
2014-01-07,1324978449.94,13.2568,0.0,0.0,0.0,0.0,0.0,,
2014-01-06,1319051082.47,13.1975,0.0,0.0,0.0,0.0,0.0,,
2014-01-03,1324978449.94,13.2568,0.0,0.0,0.0,0.0,0.0,,
2014-01-02,1320776243.78,13.2148,0.0,0.0,0.0,0.0,0.0,,
2013-12-27,1320776243.78,13.2148,0.0,0.0,0.0,0.0,0.0,,
2013-12-26,1320776243.78,13.2148,0.0,0.0,0.0,0.0,0.0,,
2013-12-25,1320776243.78,13.2148,0.0,0.0,0.0,0.0,0.0,,
2013-12-24,1320776243.78,13.2148,0.0,0.0,0.0,0.0,0.0,,
2013-12-23,1315579973.37,13.1628,0.0,0.0,0.0,0.0,0.0,,
2013-12-20,1315579973.37,13.1628,0.0,0.0,0.0,0.0,0.0,,
2013-12-19,1315579973.37,13.1628,0.0,0.0,0.0,0.0,0.0,,
2013-12-18,1315579973.37,13.1628,0.0,0.0,0.0,0.0,0.0,,
2013-12-17,1315579973.37,13.1628,0.0,0.0,0.0,0.0,0.0,,
2013-12-16,1316456069.39,13.1716,0.0,0.0,0.0,0.0,0.0,,
2013-12-13,1315579973.37,13.1628,0.0,0.0,0.0,0.0,0.0,,
2013-12-12,1316456069.39,13.1716,0.0,0.0,0.0,0.0,0.0,,
2013-12-11,1316456069.39,13.1716,0.0,0.0,0.0,0.0,0.0,,
2013-12-09,1320678311.2,13.2138,0.0,0.0,0.0,0.0,0.0,,
2013-12-06,1320678311.2,13.2138,0.0,0.0,0.0,0.0,0.0,,
2013-12-04,1320577965.84,13.2128,0.0,0.0,0.0,0.0,0.0,,
2013-12-03,1320577965.84,13.2128,0.0,0.0,0.0,0.0,0.0,,
2013-11-29,1320577965.84,13.2128,0.0,0.0,0.0,0.0,0.0,,
2013-11-28,1313899298.93,13.146,0.0,0.0,0.0,0.0,0.0,,
2013-11-27,1313899298.93,13.146,0.0,0.0,0.0,0.0,0.0,,
2013-11-26,1313899298.93,13.146,0.0,0.0,0.0,0.0,0.0,,
2013-11-25,1313899298.93,13.146,0.0,0.0,0.0,0.0,0.0,,
2013-11-22,1313899298.93,13.146,0.0,0.0,0.0,0.0,0.0,,
2013-11-21,1312219322.32,13.1292,0.0,0.0,0.0,0.0,0.0,,
2013-11-20,1312219322.32,13.1292,0.0,0.0,0.0,0.0,0.0,,
2013-11-19,1312219322.32,13.1292,0.0,0.0,0.0,0.0,0.0,,
2013-11-18,1305591791.87,13.0629,0.0,0.0,0.0,0.0,0.0,,
2013-11-15,1312219322.32,13.1292,0.0,0.0,0.0,0.0,0.0,,
2013-11-14,1305591791.87,13.0629,0.0,0.0,0.0,0.0,0.0,,
2013-11-13,1305591791.87,13.0629,0.0,0.0,0.0,0.0,0.0,,
2013-11-12,1305591791.87,13.0629,0.0,0.0,0.0,0.0,0.0,,
2013-11-11,1308586576.3,13.0928,0.0,0.0,0.0,0.0,0.0,,
2013-11-08,1305591791.87,13.0629,0.0,0.0,0.0,0.0,0.0,,
2013-11-06,1308586576.3,13.0928,0.0,0.0,0.0,0.0,0.0,,
2013-11-05,1308586576.3,13.0928,0.0,0.0,0.0,0.0,0.0,,
2013-11-04,1309650124.82,13.1035,0.0,0.0,0.0,0.0,0.0,,
2013-11-01,1309650124.82,13.1035,0.0,0.0,0.0,0.0,0.0,,
2013-10-31,1309650124.82,13.1035,0.0,0.0,0.0,0.0,0.0,,
2013-10-30,1307500178.01,13.082,0.0,0.0,0.0,0.0,0.0,,
2013-10-29,1307500178.01,13.082,0.0,0.0,0.0,0.0,0.0,,
2013-10-28,1300991403.93,13.0168,0.0,0.0,0.0,0.0,0.0,,
2013-10-25,1307500178.01,13.082,0.0,0.0,0.0,0.0,0.0,,
2013-10-24,1300991403.93,13.0168,0.0,0.0,0.0,0.0,0.0,,
2013-10-22,1300991403.93,13.0168,0.0,0.0,0.0,0.0,0.0,,
2013-10-21,1299649806.52,13.0034,0.0,0.0,0.0,0.0,0.0,,
2013-10-18,1300991403.93,13.0168,0.0,0.0,0.0,0.0,0.0,,
2013-10-17,1299649806.52,13.0034,0.0,0.0,0.0,0.0,0.0,,
2013-10-16,1299649806.52,13.0034,0.0,0.0,0.0,0.0,0.0,,
2013-10-15,1299311839.11,13.0,0.0,0.0,0.0,0.0,0.0,,
2013-10-14,1299311839.11,13.0,0.0,0.0,0.0,0.0,0.0,,
2013-10-11,1299311839.11,13.0,0.0,0.0,0.0,0.0,0.0,,
2013-10-10,1299311839.11,13.0,0.0,0.0,0.0,0.0,0.0,,
2013-10-09,1299311839.11,13.0,0.0,0.0,0.0,0.0,0.0,,
2013-10-08,1299311839.11,13.0,0.0,0.0,0.0,0.0,0.0,,
2013-10-07,1301593416.44,13.0229,0.0,0.0,0.0,0.0,0.0,,
2013-10-04,1299311839.11,13.0,0.0,0.0,0.0,0.0,0.0,,
2013-10-03,1301593416.44,13.0229,0.0,0.0,0.0,0.0,0.0,,
2013-10-02,1301593416.44,13.0229,0.0,0.0,0.0,0.0,0.0,,
2013-10-01,1298542173.75,12.9923,0.0,0.0,0.0,0.0,0.0,,
2013-09-30,1301593416.44,13.0229,0.0,0.0,0.0,0.0,0.0,,
2013-09-27,1298542173.75,12.9923,0.0,0.0,0.0,0.0,0.0,,
2013-09-26,1288401973.7,12.8909,0.0,0.0,0.0,0.0,0.0,,
2013-09-25,1288401973.7,12.8909,0.0,0.0,0.0,0.0,0.0,,
2013-09-24,1288401973.7,12.8909,0.0,0.0,0.0,0.0,0.0,,
2013-09-23,1292306618.67,12.9299,0.0,0.0,0.0,0.0,0.0,,
2013-09-20,1288401973.7,12.8909,0.0,0.0,0.0,0.0,0.0,,
2013-09-19,1292306618.67,12.9299,0.0,0.0,0.0,0.0,0.0,,
2013-09-18,1292306618.67,12.9299,0.0,0.0,0.0,0.0,0.0,,
2013-09-17,1292306618.67,12.9299,0.0,0.0,0.0,0.0,0.0,,
2013-09-16,1292189372.02,12.9288,0.0,0.0,0.0,0.0,0.0,,
2013-09-13,1292189372.02,12.9288,0.0,0.0,0.0,0.0,0.0,,
2013-09-12,1292189372.02,12.9288,0.0,0.0,0.0,0.0,0.0,,
2013-09-11,1292189372.02,12.9288,0.0,0.0,0.0,0.0,0.0,,
2013-09-10,1292189372.02,12.9288,0.0,0.0,0.0,0.0,0.0,,
2013-09-09,1298395989.75,12.9909,0.0,0.0,0.0,0.0,0.0,,
2013-09-06,1298395989.75,12.9909,0.0,0.0,0.0,0.0,0.0,,
2013-09-05,1298395989.75,12.9909,0.0,0.0,0.0,0.0,0.0,,
2013-09-04,1298395989.75,12.9909,0.0,0.0,0.0,0.0,0.0,,
2013-09-03,1298395989.75,12.9909,0.0,0.0,0.0,0.0,0.0,,
2013-09-02,1292173556.79,12.9286,0.0,0.0,0.0,0.0,0.0,,
2013-08-30,1292173556.79,12.9286,0.0,0.0,0.0,0.0,0.0,,
2013-08-29,1292173556.79,12.9286,0.0,0.0,0.0,0.0,0.0,,
2013-08-28,1292173556.79,12.9286,0.0,0.0,0.0,0.0,0.0,,
2013-08-27,1292173556.79,12.9286,0.0,0.0,0.0,0.0,0.0,,
2013-08-26,1288565292.54,12.8925,0.0,0.0,0.0,0.0,0.0,,
2013-08-23,1292173556.79,12.9286,0.0,0.0,0.0,0.0,0.0,,
2013-08-22,1288565292.54,12.8925,0.0,0.0,0.0,0.0,0.0,,
2013-08-21,1288565292.54,12.8925,0.0,0.0,0.0,0.0,0.0,,
2013-08-20,1288565292.54,12.8925,0.0,0.0,0.0,0.0,0.0,,
2013-08-19,1299672333.86,13.0036,0.0,0.0,0.0,0.0,0.0,,
2013-08-16,1288565292.54,12.8925,0.0,0.0,0.0,0.0,0.0,,
2013-08-15,1299672333.86,13.0036,0.0,0.0,0.0,0.0,0.0,,
2013-08-14,1299672333.86,13.0036,0.0,0.0,0.0,0.0,0.0,,
2013-08-13,1300182535.82,13.0087,0.0,0.0,0.0,0.0,0.0,,
2013-08-09,1300182535.82,13.0087,0.0,0.0,0.0,0.0,0.0,,
2013-08-08,1300182535.82,13.0087,0.0,0.0,0.0,0.0,0.0,,
2013-08-07,1300182535.82,13.0087,0.0,0.0,0.0,0.0,0.0,,
2013-08-06,1300182535.82,13.0087,0.0,0.0,0.0,0.0,0.0,,
2013-08-05,1300097859.72,13.0079,0.0,0.0,0.0,0.0,0.0,,
2013-08-02,1300182535.82,13.0087,0.0,0.0,0.0,0.0,0.0,,
2013-08-01,1298229857.5,12.9892,0.0,0.0,0.0,0.0,0.0,,
2013-07-31,1300097859.72,13.0079,0.0,0.0,0.0,0.0,0.0,,
2013-07-30,1298229857.5,12.9892,0.0,0.0,0.0,0.0,0.0,,
2013-07-29,1301084122.54,13.0178,0.0,0.0,0.0,0.0,0.0,,
2013-07-26,1298229857.5,12.9892,0.0,0.0,0.0,0.0,0.0,,
2013-07-25,1301084122.54,13.0178,0.0,0.0,0.0,0.0,0.0,,
2013-07-24,1301084122.54,13.0178,0.0,0.0,0.0,0.0,0.0,,
2013-07-23,1296585478.34,12.9727,0.0,0.0,0.0,0.0,0.0,,
2013-07-19,1301084122.54,13.0178,0.0,0.0,0.0,0.0,0.0,,
2013-07-18,1296585478.34,12.9727,0.0,0.0,0.0,0.0,0.0,,
2013-07-17,1296585478.34,12.9727,0.0,0.0,0.0,0.0,0.0,,
2013-07-16,1296585478.34,12.9727,0.0,0.0,0.0,0.0,0.0,,
2013-07-15,1289265179.99,12.8995,0.0,0.0,0.0,0.0,0.0,,
2013-07-12,1296585478.34,12.9727,0.0,0.0,0.0,0.0,0.0,,
2013-07-11,1289265179.99,12.8995,0.0,0.0,0.0,0.0,0.0,,
2013-07-10,1289265179.99,12.8995,0.0,0.0,0.0,0.0,0.0,,
2013-07-09,1289265179.99,12.8995,0.0,0.0,0.0,0.0,0.0,,
2013-07-08,1293928401.2,12.9462,0.0,0.0,0.0,0.0,0.0,,
2013-07-05,1289265179.99,12.8995,0.0,0.0,0.0,0.0,0.0,,
2013-07-04,1293928401.2,12.9462,0.0,0.0,0.0,0.0,0.0,,
2013-07-03,1293928401.2,12.9462,0.0,0.0,0.0,0.0,0.0,,
2013-07-02,1291866243.45,12.9255,0.0,0.0,0.0,0.0,0.0,,
2013-06-28,1293928401.2,12.9462,0.0,0.0,0.0,0.0,0.0,,
2013-06-27,1291866243.45,12.9255,0.0,0.0,0.0,0.0,0.0,,
2013-06-26,1291866243.45,12.9255,0.0,0.0,0.0,0.0,0.0,,
2013-06-25,1291866243.45,12.9255,0.0,0.0,0.0,0.0,0.0,,
2013-06-24,1309113606.7,13.0981,0.0,0.0,0.0,0.0,0.0,,
2013-06-21,1291866243.45,12.9255,0.0,0.0,0.0,0.0,0.0,,
2013-06-20,1309113606.7,13.0981,0.0,0.0,0.0,0.0,0.0,,
2013-06-19,1309113606.7,13.0981,0.0,0.0,0.0,0.0,0.0,,
2013-06-18,1309113606.7,13.0981,0.0,0.0,0.0,0.0,0.0,,
2013-06-17,1308239964.56,13.0894,0.0,0.0,0.0,0.0,0.0,,
2013-06-14,1308239964.56,13.0894,0.0,0.0,0.0,0.0,0.0,,
2013-06-13,1308239964.56,13.0894,0.0,0.0,0.0,0.0,0.0,,
2013-06-12,1308239964.56,13.0894,0.0,0.0,0.0,0.0,0.0,,
2013-06-11,1308239964.56,13.0894,0.0,0.0,0.0,0.0,0.0,,
2013-06-10,1308806403.99,13.095,0.0,0.0,0.0,0.0,0.0,,
2013-06-07,1308239964.56,13.0894,0.0,0.0,0.0,0.0,0.0,,
2013-06-06,1308806403.99,13.095,0.0,0.0,0.0,0.0,0.0,,
2013-06-05,1308806403.99,13.095,0.0,0.0,0.0,0.0,0.0,,
2013-06-04,1308806403.99,13.095,0.0,0.0,0.0,0.0,0.0,,
2013-06-03,1315171953.79,13.1587,0.0,0.0,0.0,0.0,0.0,,
2013-05-31,1308806403.99,13.095,0.0,0.0,0.0,0.0,0.0,,
2013-05-30,1315171953.79,13.1587,0.0,0.0,0.0,0.0,0.0,,
2013-05-29,1315171953.79,13.1587,0.0,0.0,0.0,0.0,0.0,,
2013-05-28,1315171953.79,13.1587,0.0,0.0,0.0,0.0,0.0,,
2013-05-27,1318905445.46,13.1961,0.0,0.0,0.0,0.0,0.0,,
2013-05-23,1315171953.79,13.1587,0.0,0.0,0.0,0.0,0.0,,
2013-05-22,1318905445.46,13.1961,0.0,0.0,0.0,0.0,0.0,,
2013-05-21,1318905445.46,13.1961,0.0,0.0,0.0,0.0,0.0,,
2013-05-20,1317482771.2,13.1818,0.0,0.0,0.0,0.0,0.0,,
2013-05-17,1318905445.46,13.1961,0.0,0.0,0.0,0.0,0.0,,
2013-05-16,1317482771.2,13.1818,0.0,0.0,0.0,0.0,0.0,,
2013-05-15,1317482771.2,13.1818,0.0,0.0,0.0,0.0,0.0,,
2013-05-14,1317482771.2,13.1818,0.0,0.0,0.0,0.0,0.0,,
2013-05-13,1323990323.33,13.2469,0.0,0.0,0.0,0.0,0.0,,
2013-05-10,1317482771.2,13.1818,0.0,0.0,0.0,0.0,0.0,,
2013-05-09,1323990323.33,13.2469,0.0,0.0,0.0,0.0,0.0,,
2013-05-08,1323990323.33,13.2469,0.0,0.0,0.0,0.0,0.0,,
2013-05-07,1324715448.77,13.2542,0.0,0.0,0.0,0.0,0.0,,
2013-05-03,1323990323.33,13.2469,0.0,0.0,0.0,0.0,0.0,,
2013-05-02,1321240656.71,13.2194,0.0,0.0,0.0,0.0,0.0,,
2013-04-30,1324715448.77,13.2542,0.0,0.0,0.0,0.0,0.0,,
2013-04-29,1314354742.65,13.1505,0.0,0.0,0.0,0.0,0.0,,
2013-04-26,1321240656.71,13.2194,0.0,0.0,0.0,0.0,0.0,,
2013-04-25,1314354742.65,13.1505,0.0,0.0,0.0,0.0,0.0,,
2013-04-24,1314354742.65,13.1505,0.0,0.0,0.0,0.0,0.0,,
2013-04-23,1314354742.65,13.1505,0.0,0.0,0.0,0.0,0.0,,
2013-04-22,1314354742.65,13.1505,0.0,0.0,0.0,0.0,0.0,,
2013-04-19,1314354742.65,13.1505,0.0,0.0,0.0,0.0,0.0,,
2013-04-18,1313085478.01,13.1378,0.0,0.0,0.0,0.0,0.0,,
2013-04-17,1317081452.69,13.1778,0.0,0.0,0.0,0.0,0.0,,
2013-04-12,1313085478.01,13.1378,0.0,0.0,0.0,0.0,0.0,,
2013-04-11,1317081452.69,13.1778,0.0,0.0,0.0,0.0,0.0,,
2013-04-10,1317081452.69,13.1778,0.0,0.0,0.0,0.0,0.0,,
2013-04-09,1304736965.99,13.0543,0.0,0.0,0.0,0.0,0.0,,
2013-04-05,1317081452.69,13.1778,0.0,0.0,0.0,0.0,0.0,,
2013-04-04,1304736965.99,13.0543,0.0,0.0,0.0,0.0,0.0,,
2013-04-03,1304576175.02,13.0527,0.0,0.0,0.0,0.0,0.0,,
2013-04-02,1304576175.02,13.0527,0.0,0.0,0.0,0.0,0.0,,
2013-04-01,1301992022.82,13.0268,0.0,0.0,0.0,0.0,0.0,,
2013-03-29,1304576175.02,13.0527,0.0,0.0,0.0,0.0,0.0,,
2013-03-28,1301992022.82,13.0268,0.0,0.0,0.0,0.0,0.0,,
2013-03-27,1301992022.82,13.0268,0.0,0.0,0.0,0.0,0.0,,
2013-03-26,1301992022.82,13.0268,0.0,0.0,0.0,0.0,0.0,,
2013-03-25,1298113238.66,12.988,0.0,0.0,0.0,0.0,0.0,,
2013-03-22,1301992022.82,13.0268,0.0,0.0,0.0,0.0,0.0,,
2013-03-21,1298113238.66,12.988,0.0,0.0,0.0,0.0,0.0,,
2013-03-20,1298113238.66,12.988,0.0,0.0,0.0,0.0,0.0,,
2013-03-19,1298113238.66,12.988,0.0,0.0,0.0,0.0,0.0,,
2013-03-18,1294811216.12,12.955,0.0,0.0,0.0,0.0,0.0,,
2013-03-15,1298113238.66,12.988,0.0,0.0,0.0,0.0,0.0,,
2013-03-14,1294811216.12,12.955,0.0,0.0,0.0,0.0,0.0,,
2013-03-13,1294811216.12,12.955,0.0,0.0,0.0,0.0,0.0,,
2013-03-12,1294811216.12,12.955,0.0,0.0,0.0,0.0,0.0,,
2013-03-11,1301578371.11,13.0227,0.0,0.0,0.0,0.0,0.0,,
2013-03-08,1294811216.12,12.955,0.0,0.0,0.0,0.0,0.0,,
2013-03-07,1301578371.11,13.0227,0.0,0.0,0.0,0.0,0.0,,
2013-03-04,1299436675.22,13.0013,0.0,0.0,0.0,0.0,0.0,,
2013-03-01,1301578371.11,13.0227,0.0,0.0,0.0,0.0,0.0,,
2013-02-28,1299436675.22,13.0013,0.0,0.0,0.0,0.0,0.0,,
2013-02-27,1294784162.76,12.9547,0.0,0.0,0.0,0.0,0.0,,
2013-02-26,1292344694.77,12.9303,0.0,0.0,0.0,0.0,0.0,,
2013-02-22,1294784162.76,12.9547,0.0,0.0,0.0,0.0,0.0,,
2013-02-21,1292344694.77,12.9303,0.0,0.0,0.0,0.0,0.0,,
2013-02-20,1292344694.77,12.9303,0.0,0.0,0.0,0.0,0.0,,
2013-02-19,1292344694.77,12.9303,0.0,0.0,0.0,0.0,0.0,,
2013-02-18,1292046871.71,12.9273,0.0,0.0,0.0,0.0,0.0,,
2013-02-15,1292344694.77,12.9303,0.0,0.0,0.0,0.0,0.0,,
2013-02-14,1292046871.71,12.9273,0.0,0.0,0.0,0.0,0.0,,
2013-02-13,1292046871.71,12.9273,0.0,0.0,0.0,0.0,0.0,,
2013-02-12,1292046871.71,12.9273,0.0,0.0,0.0,0.0,0.0,,
2013-02-11,1292045500.06,12.9273,0.0,0.0,0.0,0.0,0.0,,
2013-02-08,1292046871.71,12.9273,0.0,0.0,0.0,0.0,0.0,,
2013-02-07,1292045500.06,12.9273,0.0,0.0,0.0,0.0,0.0,,
2013-02-06,1292045500.06,12.9273,0.0,0.0,0.0,0.0,0.0,,
2013-02-05,1292045500.06,12.9273,0.0,0.0,0.0,0.0,0.0,,
2013-02-04,1291953988.01,12.9264,0.0,0.0,0.0,0.0,0.0,,
2013-02-01,1292045500.06,12.9273,0.0,0.0,0.0,0.0,0.0,,
2013-01-31,1291953988.01,12.9264,0.0,0.0,0.0,0.0,0.0,,
2013-01-30,1294295599.82,12.9498,0.0,0.0,0.0,0.0,0.0,,
2013-01-29,1294295599.82,12.9498,0.0,0.0,0.0,0.0,0.0,,
2013-01-28,1297995575.27,12.9869,0.0,0.0,0.0,0.0,0.0,,
2013-01-25,1294295599.82,12.9498,0.0,0.0,0.0,0.0,0.0,,
2013-01-24,1297995575.27,12.9869,0.0,0.0,0.0,0.0,0.0,,
2013-01-23,1297995575.27,12.9869,0.0,0.0,0.0,0.0,0.0,,
2013-01-22,1297995575.27,12.9869,0.0,0.0,0.0,0.0,0.0,,
2013-01-21,1297861320.5,12.9855,0.0,0.0,0.0,0.0,0.0,,
2013-01-18,1297995575.27,12.9869,0.0,0.0,0.0,0.0,0.0,,
2013-01-17,1297861320.5,12.9855,0.0,0.0,0.0,0.0,0.0,,
2013-01-16,1297861320.5,12.9855,0.0,0.0,0.0,0.0,0.0,,
2013-01-15,1295059570.82,12.9575,0.0,0.0,0.0,0.0,0.0,,
2013-01-14,1295059570.82,12.9575,0.0,0.0,0.0,0.0,0.0,,
2013-01-11,1297861320.5,12.9855,0.0,0.0,0.0,0.0,0.0,,
2013-01-10,1295059570.82,12.9575,0.0,0.0,0.0,0.0,0.0,,
2013-01-09,1295059570.82,12.9575,0.0,0.0,0.0,0.0,0.0,,
2013-01-08,1295059570.82,12.9575,0.0,0.0,0.0,0.0,0.0,,
2013-01-07,1306301491.73,13.07,0.0,0.0,0.0,0.0,0.0,,
2013-01-04,1295059570.82,12.9575,0.0,0.0,0.0,0.0,0.0,,
2013-01-02,1303041140.95,13.0373,0.0,0.0,0.0,0.0,0.0,,
2012-12-28,1303041140.95,13.0373,0.0,0.0,0.0,0.0,0.0,,
2012-12-27,1303041140.95,13.0373,0.0,0.0,0.0,0.0,0.0,,
2012-12-26,1303041140.95,13.0373,0.0,0.0,0.0,0.0,0.0,,
2012-12-25,1303041140.95,13.0373,0.0,0.0,0.0,0.0,0.0,,
2012-12-24,1302464637.67,13.0316,0.0,0.0,0.0,0.0,0.0,,
2012-12-21,1303041140.95,13.0373,0.0,0.0,0.0,0.0,0.0,,
2012-12-20,1302464637.67,13.0316,0.0,0.0,0.0,0.0,0.0,,
2012-12-19,1302464637.67,13.0316,0.0,0.0,0.0,0.0,0.0,,
2012-12-18,1302464637.67,13.0316,0.0,0.0,0.0,0.0,0.0,,
2012-12-17,1304709414.3,13.054,0.0,0.0,0.0,0.0,0.0,,
2012-12-14,1302464637.67,13.0316,0.0,0.0,0.0,0.0,0.0,,
2012-12-13,1304709414.3,13.054,0.0,0.0,0.0,0.0,0.0,,
2012-12-12,1304709414.3,13.054,0.0,0.0,0.0,0.0,0.0,,
2012-12-11,1304792049.06,13.0549,0.0,0.0,0.0,0.0,0.0,,
2012-12-07,1304709414.3,13.054,0.0,0.0,0.0,0.0,0.0,,
2012-12-06,1304792049.06,13.0549,0.0,0.0,0.0,0.0,0.0,,
2012-12-04,1304792049.06,13.0549,0.0,0.0,0.0,0.0,0.0,,
2012-12-03,1297411908.66,12.981,0.0,0.0,0.0,0.0,0.0,,
2012-11-30,1304792049.06,13.0549,0.0,0.0,0.0,0.0,0.0,,
2012-11-29,1297411908.66,12.981,0.0,0.0,0.0,0.0,0.0,,
2012-11-28,1297411908.66,12.981,0.0,0.0,0.0,0.0,0.0,,
2012-11-27,1297411908.66,12.981,0.0,0.0,0.0,0.0,0.0,,
2012-11-26,1302600325.09,13.0329,0.0,0.0,0.0,0.0,0.0,,
2012-11-23,1297411908.66,12.981,0.0,0.0,0.0,0.0,0.0,,
2012-11-22,1302600325.09,13.0329,0.0,0.0,0.0,0.0,0.0,,
2012-11-21,1302600325.09,13.0329,0.0,0.0,0.0,0.0,0.0,,
2012-11-20,1302600325.09,13.0329,0.0,0.0,0.0,0.0,0.0,,
2012-11-19,1299595079.76,13.0029,0.0,0.0,0.0,0.0,0.0,,
2012-11-16,1302600325.09,13.0329,0.0,0.0,0.0,0.0,0.0,,
2012-11-15,1299595079.76,13.0029,0.0,0.0,0.0,0.0,0.0,,
2012-11-14,1299595079.76,13.0029,0.0,0.0,0.0,0.0,0.0,,
2012-11-13,1299595079.76,13.0029,0.0,0.0,0.0,0.0,0.0,,
2012-11-12,1292352054.79,12.9304,0.0,0.0,0.0,0.0,0.0,,
2012-11-09,1299595079.76,13.0029,0.0,0.0,0.0,0.0,0.0,,
2012-11-08,1292352054.79,12.9304,0.0,0.0,0.0,0.0,0.0,,
2012-11-07,1292352054.79,12.9304,0.0,0.0,0.0,0.0,0.0,,
2012-11-06,1292352054.79,12.9304,0.0,0.0,0.0,0.0,0.0,,
2012-11-05,1293385437.41,12.9407,0.0,0.0,0.0,0.0,0.0,,
2012-11-02,1292352054.79,12.9304,0.0,0.0,0.0,0.0,0.0,,
2012-11-01,1327988602.45,13.2869,0.0,0.0,0.0,0.0,0.0,,
2012-10-31,1293385437.41,12.9407,0.0,0.0,0.0,0.0,0.0,,
2012-10-30,1327988602.45,13.2869,0.0,0.0,0.0,0.0,0.0,,
2012-10-29,1326825273.06,13.2753,0.0,0.0,0.0,0.0,0.0,,
2012-10-26,1327988602.45,13.2869,0.0,0.0,0.0,0.0,0.0,,
2012-10-25,1326825273.06,13.2753,0.0,0.0,0.0,0.0,0.0,,
2012-10-24,1326825273.06,13.2753,0.0,0.0,0.0,0.0,0.0,,
2012-10-22,1330861244.25,13.3157,0.0,0.0,0.0,0.0,0.0,,
2012-10-19,1326825273.06,13.2753,0.0,0.0,0.0,0.0,0.0,,
2012-10-18,1330861244.25,13.3157,0.0,0.0,0.0,0.0,0.0,,
2012-10-17,1330861244.25,13.3157,0.0,0.0,0.0,0.0,0.0,,
2012-10-16,1330861244.25,13.3157,0.0,0.0,0.0,0.0,0.0,,
2012-10-15,1324229091.31,13.2493,0.0,0.0,0.0,0.0,0.0,,
2012-10-12,1330861244.25,13.3157,0.0,0.0,0.0,0.0,0.0,,
2012-10-11,1324229091.31,13.2493,0.0,0.0,0.0,0.0,0.0,,
2012-10-10,1324229091.31,13.2493,0.0,0.0,0.0,0.0,0.0,,
2012-10-09,1324229091.31,13.2493,0.0,0.0,0.0,0.0,0.0,,
2012-10-08,1328996643.97,13.297,0.0,0.0,0.0,0.0,0.0,,
2012-10-05,1324229091.31,13.2493,0.0,0.0,0.0,0.0,0.0,,
2012-10-04,1328996643.97,13.297,0.0,0.0,0.0,0.0,0.0,,
2012-10-03,1328808395.73,13.2951,0.0,0.0,0.0,0.0,0.0,,
2012-10-02,1328808395.73,13.2951,0.0,0.0,0.0,0.0,0.0,,
2012-10-01,1320752945.28,13.2146,0.0,0.0,0.0,0.0,0.0,,
2012-09-28,1328808395.73,13.2951,0.0,0.0,0.0,0.0,0.0,,
2012-09-27,1320752945.28,13.2146,0.0,0.0,0.0,0.0,0.0,,
2012-09-26,1320752945.28,13.2146,0.0,0.0,0.0,0.0,0.0,,
2012-09-25,1320752945.28,13.2146,0.0,0.0,0.0,0.0,0.0,,
2012-09-24,1313706357.98,13.144,0.0,0.0,0.0,0.0,0.0,,
2012-09-21,1320752945.28,13.2146,0.0,0.0,0.0,0.0,0.0,,
2012-09-20,1313706357.98,13.144,0.0,0.0,0.0,0.0,0.0,,
2012-09-19,1313706357.98,13.144,0.0,0.0,0.0,0.0,0.0,,
2012-09-18,1313706357.98,13.144,0.0,0.0,0.0,0.0,0.0,,
2012-09-17,1326091867.42,13.268,0.0,0.0,0.0,0.0,0.0,,
2012-09-14,1313706357.98,13.144,0.0,0.0,0.0,0.0,0.0,,
2012-09-13,1326091867.42,13.268,0.0,0.0,0.0,0.0,0.0,,
2012-09-12,1326091867.42,13.268,0.0,0.0,0.0,0.0,0.0,,
2012-09-11,1326091867.42,13.268,0.0,0.0,0.0,0.0,0.0,,
2012-09-10,1327865631.98,13.2857,0.0,0.0,0.0,0.0,0.0,,
2012-09-07,1326091867.42,13.268,0.0,0.0,0.0,0.0,0.0,,
2012-09-06,1327865631.98,13.2857,0.0,0.0,0.0,0.0,0.0,,
2012-09-05,1327865631.98,13.2857,0.0,0.0,0.0,0.0,0.0,,
2012-09-04,1327865631.98,13.2857,0.0,0.0,0.0,0.0,0.0,,
2012-09-03,1322791115.61,13.2349,0.0,0.0,0.0,0.0,0.0,,
2012-08-31,1327865631.98,13.2857,0.0,0.0,0.0,0.0,0.0,,
2012-08-30,1322791115.61,13.2349,0.0,0.0,0.0,0.0,0.0,,
2012-08-29,1322791115.61,13.2349,0.0,0.0,0.0,0.0,0.0,,
2012-08-28,1322791115.61,13.2349,0.0,0.0,0.0,0.0,0.0,,
2012-08-27,1315386154.7,13.1609,0.0,0.0,0.0,0.0,0.0,,
2012-08-24,1322791115.61,13.2349,0.0,0.0,0.0,0.0,0.0,,
2012-08-23,1315386154.7,13.1609,0.0,0.0,0.0,0.0,0.0,,
2012-08-22,1315386154.7,13.1609,0.0,0.0,0.0,0.0,0.0,,
2012-08-21,1315386154.7,13.1609,0.0,0.0,0.0,0.0,0.0,,
2012-08-20,1320893801.59,13.216,0.0,0.0,0.0,0.0,0.0,,
2012-08-17,1315386154.7,13.1609,0.0,0.0,0.0,0.0,0.0,,
2012-08-16,1320893801.59,13.216,0.0,0.0,0.0,0.0,0.0,,
2012-08-15,1320893801.59,13.216,0.0,0.0,0.0,0.0,0.0,,
2012-08-14,1320897226.94,13.216,0.0,0.0,0.0,0.0,0.0,,
2012-08-10,1320893801.59,13.216,0.0,0.0,0.0,0.0,0.0,,
2012-08-09,1320897226.94,13.216,0.0,0.0,0.0,0.0,0.0,,
2012-08-08,1320897226.94,13.216,0.0,0.0,0.0,0.0,0.0,,
2012-08-07,1320897226.94,13.216,0.0,0.0,0.0,0.0,0.0,,
2012-08-06,1324255280.11,13.2496,0.0,0.0,0.0,0.0,0.0,,
2012-08-03,1320897226.94,13.216,0.0,0.0,0.0,0.0,0.0,,
2012-08-01,1318047162.38,13.1875,0.0,0.0,0.0,0.0,0.0,,
2012-07-31,1324255280.11,13.2496,0.0,0.0,0.0,0.0,0.0,,
2012-07-30,1324692140.32,13.254,0.0,0.0,0.0,0.0,0.0,,
2012-07-27,1318047162.38,13.1875,0.0,0.0,0.0,0.0,0.0,,
2012-07-25,1324692140.32,13.254,0.0,0.0,0.0,0.0,0.0,,
2012-07-24,1324692140.32,13.254,0.0,0.0,0.0,0.0,0.0,,
2012-07-23,1319160502.08,13.1986,0.0,0.0,0.0,0.0,0.0,,
2012-07-20,1324692140.32,13.254,0.0,0.0,0.0,0.0,0.0,,
2012-07-19,1319160502.08,13.1986,0.0,0.0,0.0,0.0,0.0,,
2012-07-18,1319160502.08,13.1986,0.0,0.0,0.0,0.0,0.0,,
2012-07-17,1319160502.08,13.1986,0.0,0.0,0.0,0.0,0.0,,
2012-07-16,1311895052.05,13.1259,0.0,0.0,0.0,0.0,0.0,,
2012-07-13,1319160502.08,13.1986,0.0,0.0,0.0,0.0,0.0,,
2012-07-12,1311895052.05,13.1259,0.0,0.0,0.0,0.0,0.0,,
2012-07-11,1311895052.05,13.1259,0.0,0.0,0.0,0.0,0.0,,
2012-07-10,1311895052.05,13.1259,0.0,0.0,0.0,0.0,0.0,,
2012-07-09,1303111815.77,13.038,0.0,0.0,0.0,0.0,0.0,,
2012-07-06,1311895052.05,13.1259,0.0,0.0,0.0,0.0,0.0,,
2012-07-05,1303111815.77,13.038,0.0,0.0,0.0,0.0,0.0,,
2012-07-04,1303111815.77,13.038,0.0,0.0,0.0,0.0,0.0,,
2012-07-03,1303014825.01,13.0371,0.0,0.0,0.0,0.0,0.0,,
2012-07-02,1302982297.93,13.0367,0.0,0.0,0.0,0.0,0.0,,
2012-06-29,1303014825.01,13.0371,0.0,0.0,0.0,0.0,0.0,,
2012-06-28,1302982297.93,13.0367,0.0,0.0,0.0,0.0,0.0,,
2012-06-27,1302982297.93,13.0367,0.0,0.0,0.0,0.0,0.0,,
2012-06-26,1302982297.93,13.0367,0.0,0.0,0.0,0.0,0.0,,
2012-06-25,1302878351.42,13.0357,0.0,0.0,0.0,0.0,0.0,,
2012-06-22,1302982297.93,13.0367,0.0,0.0,0.0,0.0,0.0,,
2012-06-21,1302878351.42,13.0357,0.0,0.0,0.0,0.0,0.0,,
2012-06-20,1302878351.42,13.0357,0.0,0.0,0.0,0.0,0.0,,
2012-06-19,1302878351.42,13.0357,0.0,0.0,0.0,0.0,0.0,,
2012-06-18,1301360357.68,13.0205,0.0,0.0,0.0,0.0,0.0,,
2012-06-15,1302878351.42,13.0357,0.0,0.0,0.0,0.0,0.0,,
2012-06-14,1301360357.68,13.0205,0.0,0.0,0.0,0.0,0.0,,
2012-06-13,1301360357.68,13.0205,0.0,0.0,0.0,0.0,0.0,,
2012-06-12,1301360357.68,13.0205,0.0,0.0,0.0,0.0,0.0,,
2012-06-11,1316057520.14,13.1676,0.0,0.0,0.0,0.0,0.0,,
2012-06-08,1301360357.68,13.0205,0.0,0.0,0.0,0.0,0.0,,
2012-06-07,1316057520.14,13.1676,0.0,0.0,0.0,0.0,0.0,,
2012-06-06,1316057520.14,13.1676,0.0,0.0,0.0,0.0,0.0,,
2012-06-05,1310280635.97,13.1098,0.0,0.0,0.0,0.0,0.0,,
2012-06-01,1316057520.14,13.1676,0.0,0.0,0.0,0.0,0.0,,
2012-05-31,1310280635.97,13.1098,0.0,0.0,0.0,0.0,0.0,,
2012-05-30,1299241560.39,12.9993,0.0,0.0,0.0,0.0,0.0,,
2012-05-29,1299241560.39,12.9993,0.0,0.0,0.0,0.0,0.0,,
2012-05-28,1294007640.3,12.947,0.0,0.0,0.0,0.0,0.0,,
2012-05-25,1299241560.39,12.9993,0.0,0.0,0.0,0.0,0.0,,
2012-05-24,1294007640.3,12.947,0.0,0.0,0.0,0.0,0.0,,
2012-05-23,1294007640.3,12.947,0.0,0.0,0.0,0.0,0.0,,
2012-05-22,1294007640.3,12.947,0.0,0.0,0.0,0.0,0.0,,
2012-05-21,1288280276.89,12.8897,0.0,0.0,0.0,0.0,0.0,,
2012-05-18,1294007640.3,12.947,0.0,0.0,0.0,0.0,0.0,,
2012-05-17,1288280276.89,12.8897,0.0,0.0,0.0,0.0,0.0,,
2012-05-16,1288280276.89,12.8897,0.0,0.0,0.0,0.0,0.0,,
2012-05-15,1288280276.89,12.8897,0.0,0.0,0.0,0.0,0.0,,
2012-05-14,1283549469.76,12.8423,0.0,0.0,0.0,0.0,0.0,,
2012-05-11,1288280276.89,12.8897,0.0,0.0,0.0,0.0,0.0,,
2012-05-10,1283549469.76,12.8423,0.0,0.0,0.0,0.0,0.0,,
2012-05-09,1283542550.53,12.8422,0.0,0.0,0.0,0.0,0.0,,
2012-05-08,1278391930.19,12.7907,0.0,0.0,0.0,0.0,0.0,,
2012-05-04,1283542550.53,12.8422,0.0,0.0,0.0,0.0,0.0,,
2012-05-03,1278391930.19,12.7907,0.0,0.0,0.0,0.0,0.0,,
2012-05-02,1276342169.48,12.7702,0.0,0.0,0.0,0.0,0.0,,
2012-04-30,1278391930.19,12.7907,0.0,0.0,0.0,0.0,0.0,,
2012-04-27,1273868751.28,12.7455,0.0,0.0,0.0,0.0,0.0,,
2012-04-26,1273868751.28,12.7455,0.0,0.0,0.0,0.0,0.0,,
2012-04-25,1273868751.28,12.7455,0.0,0.0,0.0,0.0,0.0,,
2012-04-24,1273868751.28,12.7455,0.0,0.0,0.0,0.0,0.0,,
2012-04-23,1271487767.64,12.7216,0.0,0.0,0.0,0.0,0.0,,
2012-04-20,1273868751.28,12.7455,0.0,0.0,0.0,0.0,0.0,,
2012-04-19,1271487767.64,12.7216,0.0,0.0,0.0,0.0,0.0,,
2012-04-18,1271487767.64,12.7216,0.0,0.0,0.0,0.0,0.0,,
2012-04-17,1265465049.15,12.6614,0.0,0.0,0.0,0.0,0.0,,
2012-04-12,1271487767.64,12.7216,0.0,0.0,0.0,0.0,0.0,,
2012-04-11,1265465049.15,12.6614,0.0,0.0,0.0,0.0,0.0,,
2012-04-10,1264827726.46,12.655,0.0,0.0,0.0,0.0,0.0,,
2012-04-05,1264827726.46,12.655,0.0,0.0,0.0,0.0,0.0,,
2012-04-04,1264767580.52,12.6544,0.0,0.0,0.0,0.0,0.0,,
2012-04-03,1264767580.52,12.6544,0.0,0.0,0.0,0.0,0.0,,
2012-04-02,1259902076.72,12.6057,0.0,0.0,0.0,0.0,0.0,,
2012-03-30,1259902076.72,12.6057,0.0,0.0,0.0,0.0,0.0,,
2012-03-29,1259902076.72,12.6057,0.0,0.0,0.0,0.0,0.0,,
2012-03-28,1259902076.72,12.6057,0.0,0.0,0.0,0.0,0.0,,
2012-03-27,1259902076.72,12.6057,0.0,0.0,0.0,0.0,0.0,,
2012-03-26,1251741856.8,12.5241,0.0,0.0,0.0,0.0,0.0,,
2012-03-23,1259902076.72,12.6057,0.0,0.0,0.0,0.0,0.0,,
2012-03-21,1251741856.8,12.5241,0.0,0.0,0.0,0.0,0.0,,
2012-03-20,1251741856.8,12.5241,0.0,0.0,0.0,0.0,0.0,,
2012-03-19,1265961744.2,12.6663,0.0,0.0,0.0,0.0,0.0,,
2012-03-16,1251741856.8,12.5241,0.0,0.0,0.0,0.0,0.0,,
2012-03-15,1265961744.2,12.6663,0.0,0.0,0.0,0.0,0.0,,
2012-03-14,1265961744.2,12.6663,0.0,0.0,0.0,0.0,0.0,,
2012-03-13,1265961744.2,12.6663,0.0,0.0,0.0,0.0,0.0,,
2012-03-12,1267444276.77,12.6812,0.0,0.0,0.0,0.0,0.0,,
2012-03-09,1265961744.2,12.6663,0.0,0.0,0.0,0.0,0.0,,
2012-03-08,1267444276.77,12.6812,0.0,0.0,0.0,0.0,0.0,,
2012-03-06,1267444276.77,12.6812,0.0,0.0,0.0,0.0,0.0,,
2012-03-05,1265669219.37,12.6634,0.0,0.0,0.0,0.0,0.0,,
2012-03-02,1267444276.77,12.6812,0.0,0.0,0.0,0.0,0.0,,
2012-03-01,1261737604.92,12.6241,0.0,0.0,0.0,0.0,0.0,,
2012-02-29,1265669219.37,12.6634,0.0,0.0,0.0,0.0,0.0,,
2012-02-28,1261737604.92,12.6241,0.0,0.0,0.0,0.0,0.0,,
2012-02-27,1258302535.72,12.5897,0.0,0.0,0.0,0.0,0.0,,
2012-02-24,1261737604.92,12.6241,0.0,0.0,0.0,0.0,0.0,,
2012-02-23,1258302535.72,12.5897,0.0,0.0,0.0,0.0,0.0,,
2012-02-22,1258302535.72,12.5897,0.0,0.0,0.0,0.0,0.0,,
2012-02-21,1258302535.72,12.5897,0.0,0.0,0.0,0.0,0.0,,
2012-02-20,1257583536.7,12.5825,0.0,0.0,0.0,0.0,0.0,,
2012-02-17,1258302535.72,12.5897,0.0,0.0,0.0,0.0,0.0,,
2012-02-16,1257583536.7,12.5825,0.0,0.0,0.0,0.0,0.0,,
2012-02-15,1257583536.7,12.5825,0.0,0.0,0.0,0.0,0.0,,
2012-02-14,1257583536.7,12.5825,0.0,0.0,0.0,0.0,0.0,,
2012-02-13,1258143449.61,12.5881,0.0,0.0,0.0,0.0,0.0,,
2012-02-10,1257583536.7,12.5825,0.0,0.0,0.0,0.0,0.0,,
2012-02-09,1258143449.61,12.5881,0.0,0.0,0.0,0.0,0.0,,
2012-02-08,1258143449.61,12.5881,0.0,0.0,0.0,0.0,0.0,,
2012-02-07,1258143449.61,12.5881,0.0,0.0,0.0,0.0,0.0,,
2012-02-06,1262530332.92,12.632,0.0,0.0,0.0,0.0,0.0,,
2012-02-03,1258143449.61,12.5881,0.0,0.0,0.0,0.0,0.0,,
2012-02-02,1262530332.92,12.632,0.0,0.0,0.0,0.0,0.0,,
2012-02-01,1258891430.35,12.5956,0.0,0.0,0.0,0.0,0.0,,
2012-01-31,1262530332.92,12.632,0.0,0.0,0.0,0.0,0.0,,
2012-01-30,1253131992.98,12.538,0.0,0.0,0.0,0.0,0.0,,
2012-01-27,1253131992.98,12.538,0.0,0.0,0.0,0.0,0.0,,
2012-01-26,1253131992.98,12.538,0.0,0.0,0.0,0.0,0.0,,
2012-01-25,1253131992.98,12.538,0.0,0.0,0.0,0.0,0.0,,
2012-01-24,1253131992.98,12.538,0.0,0.0,0.0,0.0,0.0,,
2012-01-23,1256996709.89,12.5766,0.0,0.0,0.0,0.0,0.0,,
2012-01-20,1253131992.98,12.538,0.0,0.0,0.0,0.0,0.0,,
2012-01-19,1256996709.89,12.5766,0.0,0.0,0.0,0.0,0.0,,
2012-01-18,1256996709.89,12.5766,0.0,0.0,0.0,0.0,0.0,,
2012-01-17,1256996709.89,12.5766,0.0,0.0,0.0,0.0,0.0,,
2012-01-16,1243929626.45,12.4459,0.0,0.0,0.0,0.0,0.0,,
2012-01-13,1256996709.89,12.5766,0.0,0.0,0.0,0.0,0.0,,
2012-01-12,1243929626.45,12.4459,0.0,0.0,0.0,0.0,0.0,,
2012-01-11,1243929626.45,12.4459,0.0,0.0,0.0,0.0,0.0,,
2012-01-10,1252857691.03,12.5352,0.0,0.0,0.0,0.0,0.0,,
2012-01-09,1252857691.03,12.5352,0.0,0.0,0.0,0.0,0.0,,
2012-01-06,1243929626.45,12.4459,0.0,0.0,0.0,0.0,0.0,,
2012-01-05,1252794445.59,12.5346,0.0,0.0,0.0,0.0,0.0,,
2012-01-04,1243485497.3,12.4415,0.0,0.0,0.0,0.0,0.0,,
2011-12-30,1252794445.59,12.5346,0.0,0.0,0.0,0.0,0.0,,
2011-12-29,1243485497.3,12.4415,0.0,0.0,0.0,0.0,0.0,,
2011-12-28,1243485497.3,12.4415,0.0,0.0,0.0,0.0,0.0,,
2011-12-27,1243485497.3,12.4415,0.0,0.0,0.0,0.0,0.0,,
2011-12-26,1247504483.41,12.4817,0.0,0.0,0.0,0.0,0.0,,
2011-12-23,1247504483.41,12.4817,0.0,0.0,0.0,0.0,0.0,,
2011-12-22,1247504483.41,12.4817,0.0,0.0,0.0,0.0,0.0,,
2011-12-21,1247504483.41,12.4817,0.0,0.0,0.0,0.0,0.0,,
2011-12-20,1247504483.41,12.4817,0.0,0.0,0.0,0.0,0.0,,
2011-12-19,1233428922.16,12.3408,0.0,0.0,0.0,0.0,0.0,,
2011-12-16,1247504483.41,12.4817,0.0,0.0,0.0,0.0,0.0,,
2011-12-15,1233428922.16,12.3408,0.0,0.0,0.0,0.0,0.0,,
2011-12-14,1233428922.16,12.3408,0.0,0.0,0.0,0.0,0.0,,
2011-12-13,1230810817.23,12.3146,0.0,0.0,0.0,0.0,0.0,,
2011-12-09,1233428922.16,12.3408,0.0,0.0,0.0,0.0,0.0,,
2011-12-08,1230810817.23,12.3146,0.0,0.0,0.0,0.0,0.0,,
2011-12-07,1230810817.23,12.3146,0.0,0.0,0.0,0.0,0.0,,
2011-12-06,1225754702.71,12.2641,0.0,0.0,0.0,0.0,0.0,,
2011-12-02,1230810817.23,12.3146,0.0,0.0,0.0,0.0,0.0,,
2011-12-01,1222064438.77,12.2271,0.0,0.0,0.0,0.0,0.0,,
2011-11-30,1222064438.77,12.2271,0.0,0.0,0.0,0.0,0.0,,
2011-11-29,1222064438.77,12.2271,0.0,0.0,0.0,0.0,0.0,,
2011-11-28,1225754702.71,12.2641,0.0,0.0,0.0,0.0,0.0,,
2011-11-25,1227317947.73,12.2797,0.0,0.0,0.0,0.0,0.0,,
2011-11-24,1227317947.73,12.2797,0.0,0.0,0.0,0.0,0.0,,
2011-11-23,1227317947.73,12.2797,0.0,0.0,0.0,0.0,0.0,,
2011-11-22,1227317947.73,12.2797,0.0,0.0,0.0,0.0,0.0,,
2011-11-21,1229898879.21,12.3055,0.0,0.0,0.0,0.0,0.0,,
2011-11-18,1229898879.21,12.3055,0.0,0.0,0.0,0.0,0.0,,
2011-11-17,1229898879.21,12.3055,0.0,0.0,0.0,0.0,0.0,,
2011-11-16,1229898879.21,12.3055,0.0,0.0,0.0,0.0,0.0,,
2011-11-15,1229898879.21,12.3055,0.0,0.0,0.0,0.0,0.0,,
2011-11-14,1237131630.18,12.3779,0.0,0.0,0.0,0.0,0.0,,
2011-11-11,1229898879.21,12.3055,0.0,0.0,0.0,0.0,0.0,,
2011-11-10,1237131630.18,12.3779,0.0,0.0,0.0,0.0,0.0,,
2011-11-09,1237131630.18,12.3779,0.0,0.0,0.0,0.0,0.0,,
2011-11-08,1237131630.18,12.3779,0.0,0.0,0.0,0.0,0.0,,
2011-11-07,1228020634.45,12.2867,0.0,0.0,0.0,0.0,0.0,,
2011-11-04,1228020634.45,12.2867,0.0,0.0,0.0,0.0,0.0,,
2011-11-03,1228020634.45,12.2867,0.0,0.0,0.0,0.0,0.0,,
2011-11-02,1228020634.45,12.2867,0.0,0.0,0.0,0.0,0.0,,
2011-11-01,1220721550.09,12.2137,0.0,0.0,0.0,0.0,0.0,,
2011-10-31,1228020634.45,12.2867,0.0,0.0,0.0,0.0,0.0,,
2011-10-28,1220721550.09,12.2137,0.0,0.0,0.0,0.0,0.0,,
2011-10-27,1222094862.46,12.2274,0.0,0.0,0.0,0.0,0.0,,
2011-10-26,1222094862.46,12.2274,0.0,0.0,0.0,0.0,0.0,,
2011-10-25,1220829729.35,12.2148,0.0,0.0,0.0,0.0,0.0,,
2011-10-21,1220829729.35,12.2148,0.0,0.0,0.0,0.0,0.0,,
2011-10-20,1220829729.35,12.2148,0.0,0.0,0.0,0.0,0.0,,
2011-10-19,1220829729.35,12.2148,0.0,0.0,0.0,0.0,0.0,,
2011-10-18,1220829729.35,12.2148,0.0,0.0,0.0,0.0,0.0,,
2011-10-17,1227630720.76,12.2828,0.0,0.0,0.0,0.0,0.0,,
2011-10-14,1220829729.35,12.2148,0.0,0.0,0.0,0.0,0.0,,
2011-10-13,1227630720.76,12.2828,0.0,0.0,0.0,0.0,0.0,,
2011-10-12,1227630720.76,12.2828,0.0,0.0,0.0,0.0,0.0,,
2011-10-11,1227630720.76,12.2828,0.0,0.0,0.0,0.0,0.0,,
2011-10-10,1230066830.68,12.3072,0.0,0.0,0.0,0.0,0.0,,
2011-10-07,1227630720.76,12.2828,0.0,0.0,0.0,0.0,0.0,,
2011-10-06,1230066830.68,12.3072,0.0,0.0,0.0,0.0,0.0,,
2011-10-05,1230066830.68,12.3072,0.0,0.0,0.0,0.0,0.0,,
2011-10-04,1230066830.68,12.3072,0.0,0.0,0.0,0.0,0.0,,
2011-10-03,1232191555.85,12.3285,0.0,0.0,0.0,0.0,0.0,,
2011-09-30,1230066830.68,12.3072,0.0,0.0,0.0,0.0,0.0,,
2011-09-29,1232191555.85,12.3285,0.0,0.0,0.0,0.0,0.0,,
2011-09-28,1232191555.85,12.3285,0.0,0.0,0.0,0.0,0.0,,
2011-09-27,1232191555.85,12.3285,0.0,0.0,0.0,0.0,0.0,,
2011-09-26,1227432388.37,12.2808,0.0,0.0,0.0,0.0,0.0,,
2011-09-23,1227432388.37,12.2808,0.0,0.0,0.0,0.0,0.0,,
2011-09-22,1227432388.37,12.2808,0.0,0.0,0.0,0.0,0.0,,
2011-09-21,1227432388.37,12.2808,0.0,0.0,0.0,0.0,0.0,,
2011-09-20,1227432388.37,12.2808,0.0,0.0,0.0,0.0,0.0,,
2011-09-19,1229112369.27,12.2977,0.0,0.0,0.0,0.0,0.0,,
2011-09-16,1229112369.27,12.2977,0.0,0.0,0.0,0.0,0.0,,
2011-09-15,1229112369.27,12.2977,0.0,0.0,0.0,0.0,0.0,,
2011-09-14,1229112369.27,12.2977,0.0,0.0,0.0,0.0,0.0,,
2011-09-13,1229112369.27,12.2977,0.0,0.0,0.0,0.0,0.0,,
2011-09-12,1224363928.6,12.2501,0.0,0.0,0.0,0.0,0.0,,
2011-09-09,1224363928.6,12.2501,0.0,0.0,0.0,0.0,0.0,,
2011-09-08,1224363928.6,12.2501,0.0,0.0,0.0,0.0,0.0,,
2011-09-07,1224363928.6,12.2501,0.0,0.0,0.0,0.0,0.0,,
2011-09-06,1224363928.6,12.2501,0.0,0.0,0.0,0.0,0.0,,
2011-09-05,1217583766.13,12.1823,0.0,0.0,0.0,0.0,0.0,,
2011-09-02,1217583766.13,12.1823,0.0,0.0,0.0,0.0,0.0,,
2011-09-01,1218818842.58,12.1947,0.0,0.0,0.0,0.0,0.0,,
2011-08-31,1218818842.58,12.1947,0.0,0.0,0.0,0.0,0.0,,
2011-08-30,1218818842.58,12.1947,0.0,0.0,0.0,0.0,0.0,,
2011-08-29,1221851652.34,12.225,0.0,0.0,0.0,0.0,0.0,,
2011-08-26,1221851652.34,12.225,0.0,0.0,0.0,0.0,0.0,,
2011-08-25,1221851652.34,12.225,0.0,0.0,0.0,0.0,0.0,,
2011-08-24,1221851652.34,12.225,0.0,0.0,0.0,0.0,0.0,,
2011-08-23,1221851652.34,12.225,0.0,0.0,0.0,0.0,0.0,,
2011-08-22,1207961577.62,12.086,0.0,0.0,0.0,0.0,0.0,,
2011-08-19,1207961577.62,12.086,0.0,0.0,0.0,0.0,0.0,,
2011-08-18,1207961577.62,12.086,0.0,0.0,0.0,0.0,0.0,,
2011-08-17,1207961577.62,12.086,0.0,0.0,0.0,0.0,0.0,,
2011-08-16,1207961577.62,12.086,0.0,0.0,0.0,0.0,0.0,,
2011-08-15,1200129062.26,12.0077,0.0,12.0142,12.0077,0.0,0.0,,
2011-08-11,1200129062.26,12.0077,0.0,12.0142,12.0077,0.0,0.0,,
2011-08-10,1200129062.26,12.0077,0.0,12.0142,12.0077,0.0,0.0,,
2011-08-09,1200129062.26,12.0077,0.0,12.0142,12.0077,0.0,0.0,,
2011-08-08,1191924005.78,11.9256,0.0,11.9321,11.9256,0.0,0.0,,
2011-08-05,1191924005.78,11.9256,0.0,11.9321,11.9256,0.0,0.0,,
2011-08-04,1191924005.78,11.9256,0.0,11.9321,11.9256,0.0,0.0,,
2011-08-03,1191924005.78,11.9256,0.0,11.9321,11.9256,0.0,0.0,,
2011-08-02,1191924005.78,11.9256,0.0,11.9321,11.9256,0.0,0.0,,
2011-08-01,1182552453.26,11.8318,0.0,11.8382,11.8318,0.0,0.0,,
2011-07-29,1182552453.26,11.8318,0.0,11.8382,11.8318,0.0,0.0,,
2011-07-28,1182552453.26,11.8318,0.0,11.8382,11.8318,0.0,0.0,,
2011-07-27,1182552453.26,11.8318,0.0,11.8382,11.8318,0.0,0.0,,
2011-07-26,1182552453.26,11.8318,0.0,11.8382,11.8318,0.0,0.0,,
2011-07-25,1181749178.28,11.8238,0.0,11.8302,11.8238,0.0,0.0,,
2011-07-22,1181749178.28,11.8238,0.0,11.8302,11.8238,0.0,0.0,,
2011-07-21,1181749178.28,11.8238,0.0,11.8302,11.8238,0.0,0.0,,
2011-07-20,1181749178.28,11.8238,0.0,11.8302,11.8238,0.0,0.0,,
2011-07-19,1180653390.64,11.8128,0.0,11.8192,11.8128,0.0,0.0,,
2011-07-18,1180653390.64,11.8128,0.0,11.8192,11.8128,0.0,0.0,,
2011-07-14,1180653390.64,11.8128,0.0,11.8192,11.8128,0.0,0.0,,
2011-07-13,1180653390.64,11.8128,0.0,11.8192,11.8128,0.0,0.0,,
2011-07-12,1173756859.96,11.7438,0.0,11.7502,11.7438,0.0,0.0,,
2011-07-11,1173756859.96,11.7438,0.0,11.7502,11.7438,0.0,0.0,,
2011-07-08,1173756859.96,11.7438,0.0,11.7502,11.7438,0.0,0.0,,
2011-07-07,1173756859.96,11.7438,0.0,11.7502,11.7438,0.0,0.0,,
2011-07-06,1173756859.96,11.7438,0.0,11.7502,11.7438,0.0,0.0,,
2011-07-05,1182076437.0,11.827,0.0,11.8334,11.827,0.0,0.0,,
2011-07-04,1182076437.0,11.827,0.0,11.8334,11.827,0.0,0.0,,
2011-06-30,1173756859.96,11.7438,0.0,11.7502,11.7438,0.0,0.0,,
2011-06-29,1182076437.0,11.827,0.0,11.8334,11.827,0.0,0.0,,
2011-06-28,1182076437.0,11.827,0.0,11.8334,11.827,0.0,0.0,,
2011-06-27,1178082931.43,11.7871,0.0,11.7935,11.7871,0.0,0.0,,
2011-06-24,1178082931.43,11.7871,0.0,11.7935,11.7871,0.0,0.0,,
2011-06-23,1178082931.43,11.7871,0.0,11.7935,11.7871,0.0,0.0,,
2011-06-22,1178082931.43,11.7871,0.0,11.7935,11.7871,0.0,0.0,,
2011-06-21,1178082931.43,11.7871,0.0,11.7935,11.7871,0.0,0.0,,
2011-06-20,1177608585.69,11.7823,0.0,11.7887,11.7823,0.0,0.0,,
2011-06-17,1177608585.69,11.7823,0.0,11.7887,11.7823,0.0,0.0,,
2011-06-16,1177608585.69,11.7823,0.0,11.7887,11.7823,0.0,0.0,,
2011-06-15,1177608585.69,11.7823,0.0,11.7887,11.7823,0.0,0.0,,
2011-06-14,1174218917.66,11.7484,0.0,11.7548,11.7484,0.0,0.0,,
2011-06-13,1174218917.66,11.7484,0.0,11.7548,11.7484,0.0,0.0,,
2011-06-10,1174218917.66,11.7484,0.0,11.7548,11.7484,0.0,0.0,,
2011-06-09,1174218917.66,11.7484,0.0,11.7548,11.7484,0.0,0.0,,
2011-06-08,1174218917.66,11.7484,0.0,11.7548,11.7484,0.0,0.0,,
2011-06-07,1174218917.66,11.7484,0.0,11.7548,11.7484,0.0,0.0,,
2011-06-06,1173001229.64,11.7362,0.0,11.7426,11.7362,0.0,0.0,,
2011-06-03,1173001229.64,11.7362,0.0,11.7426,11.7362,0.0,0.0,,
2011-06-01,1171990898.2,11.7261,0.0,11.7325,11.7261,0.0,0.0,,
2011-05-31,1166177886.44,11.668,0.0,11.6743,11.668,0.0,0.0,,
2011-05-30,1166177886.44,11.668,0.0,11.6743,11.668,0.0,0.0,,
2011-05-27,1166177886.44,11.668,0.0,11.6743,11.668,0.0,0.0,,
2011-05-26,1166177886.44,11.668,0.0,11.6743,11.668,0.0,0.0,,
2011-05-25,1166177886.44,11.668,0.0,11.6743,11.668,0.0,0.0,,
2011-05-24,1166177886.44,11.668,0.0,11.6743,11.668,0.0,0.0,,
2011-05-23,1163491346.76,11.6411,0.0,11.6474,11.6411,0.0,0.0,,
2011-05-20,1163491346.76,11.6411,0.0,11.6474,11.6411,0.0,0.0,,
2011-05-19,1163491346.76,11.6411,0.0,11.6474,11.6411,0.0,0.0,,
2011-05-18,1161287583.19,11.619000000000002,0.0,11.6253,11.619000000000002,0.0,0.0,,
2011-05-12,1161287583.19,11.619000000000002,0.0,11.6253,11.619000000000002,0.0,0.0,,
2011-05-11,1161287583.19,11.619000000000002,0.0,11.6253,11.619000000000002,0.0,0.0,,
2011-05-10,1161287583.19,11.619000000000002,0.0,11.6253,11.619000000000002,0.0,0.0,,
2011-05-09,1157270775.08,11.5789,0.0,11.5852,11.5789,0.0,0.0,,
2011-05-06,1157270775.08,11.5789,0.0,11.5852,11.5789,0.0,0.0,,
2011-05-04,1157173461.71,11.5779,0.0,11.5842,11.5779,0.0,0.0,,
2011-05-03,1150622358.98,11.5123,0.0,11.5186,11.5123,0.0,0.0,,
2011-04-28,1150622358.98,11.5123,0.0,11.5186,11.5123,0.0,0.0,,
2011-04-27,1150622358.98,11.5123,0.0,11.5186,11.5123,0.0,0.0,,
2011-04-26,1150622358.98,11.5123,0.0,11.5186,11.5123,0.0,0.0,,
2011-04-25,1142522427.43,11.4313,0.0,11.4375,11.4313,0.0,0.0,,
2011-04-22,1142522427.43,11.4313,0.0,11.4375,11.4313,0.0,0.0,,
2011-04-21,1142522427.43,11.4313,0.0,11.4375,11.4313,0.0,0.0,,
2011-04-20,1142522427.43,11.4313,0.0,11.4375,11.4313,0.0,0.0,,
2011-04-19,1142522427.43,11.4313,0.0,11.4375,11.4313,0.0,0.0,,
2011-04-18,1138493414.52,11.390999999999998,0.0,11.3972,11.390999999999998,0.0,0.0,,
2011-04-12,1142574895.31,11.4318,0.0,11.438,11.4318,0.0,0.0,,
2011-04-11,1142574895.31,11.4318,0.0,11.438,11.4318,0.0,0.0,,
2011-04-08,1142574895.31,11.4318,0.0,11.438,11.4318,0.0,0.0,,
2011-04-07,1142574895.31,11.4318,0.0,11.438,11.4318,0.0,0.0,,
2011-04-05,1142574895.31,11.4318,0.0,11.438,11.4318,0.0,0.0,,
2011-04-04,1143410815.26,11.4402,0.0,11.4464,11.4402,0.0,0.0,,
2011-04-01,1144707693.54,11.4532,0.0,11.4594,11.4532,0.0,0.0,,
2011-03-31,1144707693.54,11.4532,0.0,11.4594,11.4532,0.0,0.0,,
2011-03-30,1144707693.54,11.4532,0.0,11.4594,11.4532,0.0,0.0,,
2011-03-29,1144707693.54,11.4532,0.0,11.4594,11.4532,0.0,0.0,,
2011-03-28,1150635386.58,11.5125,0.0,11.5188,11.5125,0.0,0.0,,
2011-03-25,1150635386.58,11.5125,0.0,11.5188,11.5125,0.0,0.0,,
2011-03-24,1150635386.58,11.5125,0.0,11.5188,11.5125,0.0,0.0,,
2011-03-23,1150635386.58,11.5125,0.0,11.5188,11.5125,0.0,0.0,,
2011-03-22,1150635386.58,11.5125,0.0,11.5188,11.5125,0.0,0.0,,
2011-03-21,1146996896.9,11.4761,0.0,11.4823,11.4761,0.0,0.0,,
2011-03-18,1146996896.9,11.4761,0.0,11.4823,11.4761,0.0,0.0,,
2011-03-17,1146996896.9,11.4761,0.0,11.4823,11.4761,0.0,0.0,,
2011-03-16,1146996896.9,11.4761,0.0,11.4823,11.4761,0.0,0.0,,
2011-03-15,1146996896.9,11.4761,0.0,11.4823,11.4761,0.0,0.0,,
2011-03-14,1141814254.27,11.4242,0.0,11.4304,11.4242,0.0,0.0,,
2011-03-11,1141814254.27,11.4242,0.0,11.4304,11.4242,0.0,0.0,,
2011-03-10,1141814254.27,11.4242,0.0,11.4304,11.4242,0.0,0.0,,
2011-03-09,1141814254.27,11.4242,0.0,11.4304,11.4242,0.0,0.0,,
2011-03-07,1145861553.67,11.4647,0.0,11.4709,11.4647,0.0,0.0,,
2011-03-04,1145861553.67,11.4647,0.0,11.4709,11.4647,0.0,0.0,,
2011-03-03,1145861553.67,11.4647,0.0,11.4709,11.4647,0.0,0.0,,
2011-03-02,1145861553.67,11.4647,0.0,11.4709,11.4647,0.0,0.0,,
2011-03-01,1139481538.37,11.4009,0.0,11.4071,11.4009,0.0,0.0,,
2011-02-28,1139481538.37,11.4009,0.0,11.4071,11.4009,0.0,0.0,,
2011-02-25,1144735036.63,11.4534,0.0,11.4596,11.4534,0.0,0.0,,
2011-02-24,1139481538.37,11.4009,0.0,11.4071,11.4009,0.0,0.0,,
2011-02-23,1139481538.37,11.4009,0.0,11.4071,11.4009,0.0,0.0,,
2011-02-22,1135775344.02,11.3638,0.0,11.37,11.3638,0.0,0.0,,
2011-02-21,1135775344.02,11.3638,0.0,11.37,11.3638,0.0,0.0,,
2011-02-17,1135775344.02,11.3638,0.0,11.37,11.3638,0.0,0.0,,
2011-02-16,1135775344.02,11.3638,0.0,11.37,11.3638,0.0,0.0,,
2011-02-15,1135775344.02,11.3638,0.0,11.37,11.3638,0.0,0.0,,
2011-02-14,1137269150.91,11.3787,0.0,11.3849,11.3787,0.0,0.0,,
2011-02-11,1137269150.91,11.3787,0.0,11.3849,11.3787,0.0,0.0,,
2011-02-10,1137269150.91,11.3787,0.0,11.3849,11.3787,0.0,0.0,,
2011-02-09,1137269150.91,11.3787,0.0,11.3849,11.3787,0.0,0.0,,
2011-02-08,1137269150.91,11.3787,0.0,11.3849,11.3787,0.0,0.0,,
2011-02-07,1145990671.05,11.466,0.0,11.4722,11.466,0.0,0.0,,
2011-02-04,1145990671.05,11.466,0.0,11.4722,11.466,0.0,0.0,,
2011-02-03,1145990671.05,11.466,0.0,11.4722,11.466,0.0,0.0,,
2011-02-02,1145990671.05,11.466,0.0,11.4722,11.466,0.0,0.0,,
2011-02-01,1146446265.59,11.4706,0.0,11.4768,11.4706,0.0,0.0,,
2011-01-31,1146446265.59,11.4706,0.0,11.4768,11.4706,0.0,0.0,,
2011-01-28,1142892601.27,11.435,0.0,11.4412,11.435,0.0,0.0,,
2011-01-27,1142892601.27,11.435,0.0,11.4412,11.435,0.0,0.0,,
2011-01-26,1142892601.27,11.435,0.0,11.4412,11.435,0.0,0.0,,
2011-01-25,1142892601.27,11.435,0.0,11.4412,11.435,0.0,0.0,,
2011-01-24,1147300024.18,11.4791,0.0,11.4853,11.4791,0.0,0.0,,
2011-01-21,1147300024.18,11.4791,0.0,11.4853,11.4791,0.0,0.0,,
2011-01-20,1147300024.18,11.4791,0.0,11.4853,11.4791,0.0,0.0,,
2011-01-19,1147300024.18,11.4791,0.0,11.4853,11.4791,0.0,0.0,,
2011-01-18,1147300024.18,11.4791,0.0,11.4853,11.4791,0.0,0.0,,
2011-01-17,1149721951.89,11.5033,0.0,11.5096,11.5033,0.0,0.0,,
2011-01-14,1149721951.89,11.5033,0.0,11.5096,11.5033,0.0,0.0,,
2011-01-13,1149721951.89,11.5033,0.0,11.5096,11.5033,0.0,0.0,,
2011-01-12,1149721951.89,11.5033,0.0,11.5096,11.5033,0.0,0.0,,
2011-01-11,1146660071.29,11.4727,0.0,11.4789,11.4727,0.0,0.0,,
2011-01-10,1146660071.29,11.4727,0.0,11.4789,11.4727,0.0,0.0,,
2011-01-07,1146660071.29,11.4727,0.0,11.4789,11.4727,0.0,0.0,,
2011-01-06,1146660071.29,11.4727,0.0,11.4789,11.4727,0.0,0.0,,
2011-01-05,1146660071.29,11.4727,0.0,11.4789,11.4727,0.0,0.0,,
2011-01-04,1146660071.29,11.4727,0.0,11.4789,11.4727,0.0,0.0,,
2010-12-30,1144275280.94,11.4488,0.0,11.455,11.4488,0.0,0.0,,
2010-12-29,1144275280.94,11.4488,0.0,11.455,11.4488,0.0,0.0,,
2010-12-28,1144275280.94,11.4488,0.0,11.455,11.4488,0.0,0.0,,
2010-12-27,1142591582.13,11.432,0.0,11.4382,11.432,0.0,0.0,,
2010-12-24,1142591582.13,11.432,0.0,11.4382,11.432,0.0,0.0,,
2010-12-23,1142591582.13,11.432,0.0,11.4382,11.432,0.0,0.0,,
2010-12-22,1142591582.13,11.432,0.0,11.4382,11.432,0.0,0.0,,
2010-12-21,1142591582.13,11.432,0.0,11.4382,11.432,0.0,0.0,,
2010-12-20,1145390396.05,11.46,0.0,11.4662,11.46,0.0,0.0,,
2010-12-17,1145390396.05,11.46,0.0,11.4662,11.46,0.0,0.0,,
2010-12-16,1145390396.05,11.46,0.0,11.4662,11.46,0.0,0.0,,
2010-12-15,1145390396.05,11.46,0.0,11.4662,11.46,0.0,0.0,,
2010-12-14,1152123554.69,11.5274,0.0,11.5337,11.5274,0.0,0.0,,
2010-12-13,1152123554.69,11.5274,0.0,11.5337,11.5274,0.0,0.0,,
2010-12-09,1152123554.69,11.5274,0.0,11.5337,11.5274,0.0,0.0,,
2010-12-08,1160577457.3,11.6119,0.0,11.6182,11.6119,0.0,0.0,,
2010-12-07,1160577457.3,11.6119,0.0,11.6182,11.6119,0.0,0.0,,
2010-12-03,1160577457.3,11.6119,0.0,11.6182,11.6119,0.0,0.0,,
2010-12-02,1160577457.3,11.6119,0.0,11.6182,11.6119,0.0,0.0,,
2010-12-01,1159161339.76,11.5978,0.0,11.6041,11.5978,0.0,0.0,,
2010-11-30,1160577457.3,11.6119,0.0,11.6182,11.6119,0.0,0.0,,
2010-11-29,1158428635.69,11.5904,0.0,11.5967,11.5904,0.0,0.0,,
2010-11-26,1158428635.69,11.5904,0.0,11.5967,11.5904,0.0,0.0,,
2010-11-25,1158428635.69,11.5904,0.0,11.5967,11.5904,0.0,0.0,,
2010-11-24,1158428635.69,11.5904,0.0,11.5967,11.5904,0.0,0.0,,
2010-11-23,1158428635.69,11.5904,0.0,11.5967,11.5904,0.0,0.0,,
2010-11-22,1167311934.52,11.6793,0.0,11.6856,11.6793,0.0,0.0,,
2010-11-19,1167311934.52,11.6793,0.0,11.6856,11.6793,0.0,0.0,,
2010-11-18,1167311934.52,11.6793,0.0,11.6856,11.6793,0.0,0.0,,
2010-11-17,1167311934.52,11.6793,0.0,11.6856,11.6793,0.0,0.0,,
2010-11-16,1167311934.52,11.6793,0.0,11.6856,11.6793,0.0,0.0,,
2010-11-15,1176449027.06,11.7707,0.0,0.0,0.0,0.0,0.0,,
2010-11-12,1176449027.06,11.7707,0.0,0.0,0.0,0.0,0.0,,
2010-11-11,1176449027.06,11.7707,0.0,0.0,0.0,0.0,0.0,,
2010-11-10,1176449027.06,11.7707,0.0,0.0,0.0,0.0,0.0,,
2010-11-09,1176449027.06,11.7707,0.0,0.0,0.0,0.0,0.0,,
2010-11-08,1172134517.19,11.7276,0.0,0.0,0.0,0.0,0.0,,
2010-11-05,1172134517.19,11.7276,0.0,0.0,0.0,0.0,0.0,,
2010-11-04,1172134517.19,11.7276,0.0,0.0,0.0,0.0,0.0,,
2010-11-03,1172134517.19,11.7276,0.0,0.0,0.0,0.0,0.0,,
2010-11-02,1171980380.83,11.726,0.0,0.0,0.0,0.0,0.0,,
2010-11-01,1173532341.85,11.7416,0.0,11.748,11.7416,0.0,0.0,,
2010-10-29,1171980380.83,11.726,0.0,0.0,0.0,0.0,0.0,,
2010-10-28,1173532341.85,11.7416,0.0,11.748,11.7416,0.0,0.0,,
2010-10-27,1173532341.85,11.7416,0.0,11.748,11.7416,0.0,0.0,,
2010-10-26,1175959276.45,11.7658,0.0,0.0,0.0,0.0,0.0,,
2010-10-22,1175959276.45,11.7658,0.0,0.0,0.0,0.0,0.0,,
2010-10-21,1175959276.45,11.7658,0.0,0.0,0.0,0.0,0.0,,
2010-10-20,1175959276.45,11.7658,0.0,0.0,0.0,0.0,0.0,,
2010-10-19,1175959276.45,11.7658,0.0,0.0,0.0,0.0,0.0,,
2010-10-18,1175959276.45,11.7658,0.0,0.0,0.0,0.0,0.0,,
2010-10-15,1182233544.49,11.8286,0.0,0.0,0.0,0.0,0.0,,
2010-10-14,1182233544.49,11.8286,0.0,0.0,0.0,0.0,0.0,,
2010-10-13,1182233544.49,11.8286,0.0,0.0,0.0,0.0,0.0,,
2010-10-12,1182233544.49,11.8286,0.0,0.0,0.0,0.0,0.0,,
2010-10-11,1178729320.5,11.7936,0.0,0.0,0.0,0.0,0.0,,
2010-10-08,1178729320.5,11.7936,0.0,0.0,0.0,0.0,0.0,,
2010-10-07,1178729320.5,11.7936,0.0,0.0,0.0,0.0,0.0,,
2010-10-06,1178729320.5,11.7936,0.0,0.0,0.0,0.0,0.0,,
2010-10-05,1178729320.5,11.7936,0.0,0.0,0.0,0.0,0.0,,
2010-10-04,1179914950.55,11.8054,0.0,0.0,0.0,0.0,0.0,,
2010-10-01,1177090857.42,11.7772,0.0,0.0,0.0,0.0,0.0,,
2010-09-30,1177090857.42,11.7772,0.0,0.0,0.0,0.0,0.0,,
2010-09-29,1177090857.42,11.7772,0.0,0.0,0.0,0.0,0.0,,
2010-09-28,1177090857.42,11.7772,0.0,0.0,0.0,0.0,0.0,,
2010-09-27,1139217858.31,11.3982,0.0,11.4044,11.3982,0.0,0.0,,
2010-09-24,1139217858.31,11.3982,0.0,11.4044,11.3982,0.0,0.0,,
2010-09-22,1139217858.31,11.3982,0.0,11.4044,11.3982,0.0,0.0,,
2010-09-21,1139217858.31,11.3982,0.0,11.4044,11.3982,0.0,0.0,,
2010-09-20,1171233793.52,11.7186,0.0,0.0,0.0,0.0,0.0,,
2010-09-17,1171233793.52,11.7186,0.0,0.0,0.0,0.0,0.0,,
2010-09-16,1171233793.52,11.7186,0.0,0.0,0.0,0.0,0.0,,
2010-09-15,1171233793.52,11.7186,0.0,0.0,0.0,0.0,0.0,,
2010-09-14,1171233793.52,11.7186,0.0,0.0,0.0,0.0,0.0,,
2010-09-13,1177194578.4,11.7782,0.0,0.0,0.0,0.0,0.0,,
2010-09-09,1177194578.4,11.7782,0.0,0.0,0.0,0.0,0.0,,
2010-09-08,1177194578.4,11.7782,0.0,0.0,0.0,0.0,0.0,,
2010-09-07,1177194578.4,11.7782,0.0,0.0,0.0,0.0,0.0,,
2010-09-06,1177194578.4,11.7782,0.0,0.0,0.0,0.0,0.0,,
2010-09-03,1190440066.99,11.9107,0.0,0.0,0.0,0.0,0.0,,
2010-09-01,1184981642.34,11.8561,0.0,0.0,0.0,0.0,0.0,,
2010-08-31,1190440066.99,11.9107,0.0,0.0,0.0,0.0,0.0,,
2010-08-30,1184981642.34,11.8561,0.0,0.0,0.0,0.0,0.0,,
2010-08-27,1184026483.53,11.8466,0.0,0.0,0.0,0.0,0.0,,
2010-08-26,1184026483.53,11.8466,0.0,0.0,0.0,0.0,0.0,,
2010-08-25,1184026483.53,11.8466,0.0,0.0,0.0,0.0,0.0,,
2010-08-24,1184026483.53,11.8466,0.0,0.0,0.0,0.0,0.0,,
2010-08-23,1174164837.23,11.7479,0.0,0.0,0.0,0.0,0.0,,
2010-08-20,1174164837.23,11.7479,0.0,0.0,0.0,0.0,0.0,,
2010-08-19,1174164837.23,11.7479,0.0,0.0,0.0,0.0,0.0,,
2010-08-18,1174164837.23,11.7479,0.0,0.0,0.0,0.0,0.0,,
2010-08-17,1174164837.23,11.7479,0.0,0.0,0.0,0.0,0.0,,
2010-08-16,1174164837.23,11.7479,0.0,0.0,0.0,0.0,0.0,,
2010-08-11,1174164837.23,11.7479,0.0,0.0,0.0,0.0,0.0,,
2010-08-10,1174164837.23,11.7479,0.0,0.0,0.0,0.0,0.0,,
2010-08-09,1166044102.52,11.6666,0.0,0.0,0.0,0.0,0.0,,
2010-08-06,1166044102.52,11.6666,0.0,0.0,0.0,0.0,0.0,,
2010-08-05,1166044102.52,11.6666,0.0,0.0,0.0,0.0,0.0,,
2010-08-04,1166044102.52,11.6666,0.0,0.0,0.0,0.0,0.0,,
2010-08-03,1165979480.82,11.666,0.0,0.0,0.0,0.0,0.0,,
2010-08-02,1166044102.52,11.6666,0.0,0.0,0.0,0.0,0.0,,
2010-07-30,1160991440.86,11.6161,0.0,0.0,0.0,0.0,0.0,,
2010-07-29,1160991440.86,11.6161,0.0,0.0,0.0,0.0,0.0,,
2010-07-28,1160991440.86,11.6161,0.0,0.0,0.0,0.0,0.0,,
2010-07-27,1162579315.52,11.632,0.0,0.0,0.0,0.0,0.0,,
2010-07-23,1162579315.52,11.632,0.0,0.0,0.0,0.0,0.0,,
2010-07-22,1162579315.52,11.632,0.0,0.0,0.0,0.0,0.0,,
2010-07-21,1162579315.52,11.632,0.0,0.0,0.0,0.0,0.0,,
2010-07-20,1162579315.52,11.632,0.0,0.0,0.0,0.0,0.0,,
2010-07-19,1159797921.77,11.6041,0.0,11.6104,11.6041,0.0,0.0,,
2010-07-16,1159797921.77,11.6041,0.0,11.6104,11.6041,0.0,0.0,,
2010-07-15,1159797921.77,11.6041,0.0,11.6104,11.6041,0.0,0.0,,
2010-07-14,1159797921.77,11.6041,0.0,11.6104,11.6041,0.0,0.0,,
2010-07-13,1159797921.77,11.6041,0.0,11.6104,11.6041,0.0,0.0,,
2010-07-12,1159272717.6,11.5989,0.0,11.6052,11.5989,0.0,0.0,,
2010-07-09,1159272717.6,11.5989,0.0,11.6052,11.5989,0.0,0.0,,
2010-07-08,1159272717.6,11.5989,0.0,11.6052,11.5989,0.0,0.0,,
2010-07-07,1159272717.6,11.5989,0.0,11.6052,11.5989,0.0,0.0,,
2010-07-06,1159272717.6,11.5989,0.0,11.6052,11.5989,0.0,0.0,,
2010-07-05,1154969691.23,11.5558,0.0,0.0,0.0,0.0,0.0,,
2010-07-02,1154969691.23,11.5558,0.0,0.0,0.0,0.0,0.0,,
2010-06-30,1159542119.24,11.6016,0.0,0.0,0.0,0.0,0.0,,
2010-06-29,1154969691.23,11.5558,0.0,0.0,0.0,0.0,0.0,,
2010-06-28,1151396121.25,11.5201,0.0,0.0,0.0,0.0,0.0,,
2010-06-25,1151396121.25,11.5201,0.0,0.0,0.0,0.0,0.0,,
2010-06-24,1151396121.25,11.5201,0.0,0.0,0.0,0.0,0.0,,
2010-06-23,1151396121.25,11.5201,0.0,0.0,0.0,0.0,0.0,,
2010-06-22,1151396121.25,11.5201,0.0,0.0,0.0,0.0,0.0,,
2010-06-21,1152574881.92,11.5319,0.0,0.0,0.0,0.0,0.0,,
2010-06-18,1152574881.92,11.5319,0.0,0.0,0.0,0.0,0.0,,
2010-06-17,1152574881.92,11.5319,0.0,0.0,0.0,0.0,0.0,,
2010-06-16,1152574881.92,11.5319,0.0,0.0,0.0,0.0,0.0,,
2010-06-15,1152574881.92,11.5319,0.0,0.0,0.0,0.0,0.0,,
2010-06-14,1153320459.83,11.5393,0.0,0.0,0.0,0.0,0.0,,
2010-06-11,1153320459.83,11.5393,0.0,0.0,0.0,0.0,0.0,,
2010-06-10,1153320459.83,11.5393,0.0,0.0,0.0,0.0,0.0,,
2010-06-09,1153320459.83,11.5393,0.0,0.0,0.0,0.0,0.0,,
2010-06-08,1153320459.83,11.5393,0.0,0.0,0.0,0.0,0.0,,
2010-06-07,1153320459.83,11.5393,0.0,0.0,0.0,0.0,0.0,,
2010-06-04,1152067483.94,11.5268,0.0,0.0,0.0,0.0,0.0,,
2010-06-03,1152067483.94,11.5268,0.0,0.0,0.0,0.0,0.0,,
2010-06-01,1146494285.29,11.470999999999998,0.0,0.0,0.0,0.0,0.0,,
2010-05-31,1152067483.94,11.5268,0.0,0.0,0.0,0.0,0.0,,
2010-05-27,1146494285.29,11.470999999999998,0.0,0.0,0.0,0.0,0.0,,
2010-05-26,1146494285.29,11.470999999999998,0.0,0.0,0.0,0.0,0.0,,
2010-05-25,1146494285.29,11.470999999999998,0.0,0.0,0.0,0.0,0.0,,
2010-05-24,1141838499.6,11.4244,0.0,0.0,0.0,0.0,0.0,,
2010-05-19,1141838499.6,11.4244,0.0,0.0,0.0,0.0,0.0,,
2010-05-18,1141838499.6,11.4244,0.0,0.0,0.0,0.0,0.0,,
2010-05-17,1141838499.6,11.4244,0.0,0.0,0.0,0.0,0.0,,
2010-05-14,1141838499.6,11.4244,0.0,0.0,0.0,0.0,0.0,,
2010-05-13,1141838499.6,11.4244,0.0,0.0,0.0,0.0,0.0,,
2010-05-12,1141838499.6,11.4244,0.0,0.0,0.0,0.0,0.0,,
2010-05-11,1141838499.6,11.4244,0.0,0.0,0.0,0.0,0.0,,
2010-05-10,1141838499.6,11.4244,0.0,0.0,0.0,0.0,0.0,,
2010-05-07,1137266845.17,11.3787,0.0,0.0,0.0,0.0,0.0,,
2010-05-06,1137266845.17,11.3787,0.0,0.0,0.0,0.0,0.0,,
2010-05-04,1129313339.47,11.2991,0.0,0.0,0.0,0.0,0.0,,
2010-04-30,1137266845.17,11.3787,0.0,0.0,0.0,0.0,0.0,,
2010-04-29,1129313339.47,11.2991,0.0,0.0,0.0,0.0,0.0,,
2010-04-28,1129313339.47,11.2991,0.0,0.0,0.0,0.0,0.0,,
2010-04-27,1129313339.47,11.2991,0.0,0.0,0.0,0.0,0.0,,
2010-04-23,1130554106.11,11.3115,0.0,0.0,0.0,0.0,0.0,,
2010-04-22,1130554106.11,11.3115,0.0,0.0,0.0,0.0,0.0,,
2010-04-21,1130554106.11,11.3115,0.0,0.0,0.0,0.0,0.0,,
2010-04-20,1130554106.11,11.3115,0.0,0.0,0.0,0.0,0.0,,
2010-04-19,1130554106.11,11.3115,0.0,0.0,0.0,0.0,0.0,,
2010-04-16,1124972893.14,11.2557,0.0,0.0,0.0,0.0,0.0,,
2010-04-12,1124972893.14,11.2557,0.0,0.0,0.0,0.0,0.0,,
2010-04-09,1125982731.41,11.2658,0.0,0.0,0.0,0.0,0.0,,
2010-04-08,1125982731.41,11.2658,0.0,0.0,0.0,0.0,0.0,,
2010-04-07,1125982731.41,11.2658,0.0,0.0,0.0,0.0,0.0,,
2010-04-05,1125982731.41,11.2658,0.0,0.0,0.0,0.0,0.0,,
2010-04-02,1126996336.63,11.2759,0.0,11.282,11.2759,0.0,0.0,,
2010-04-01,1121891917.82,11.2249,0.0,0.0,0.0,0.0,0.0,,
2010-03-30,1121891917.82,11.2249,0.0,0.0,0.0,0.0,0.0,,
2010-03-29,1121891917.82,11.2249,0.0,0.0,0.0,0.0,0.0,,
2010-03-25,1124133447.48,11.2473,0.0,0.0,0.0,0.0,0.0,,
2010-03-24,1124133447.48,11.2473,0.0,0.0,0.0,0.0,0.0,,
2010-03-23,1124133447.48,11.2473,0.0,0.0,0.0,0.0,0.0,,
2010-03-22,1124059597.4,11.2466,0.0,0.0,0.0,0.0,0.0,,
2010-03-19,1124059597.4,11.2466,0.0,0.0,0.0,0.0,0.0,,
2010-03-18,1124059597.4,11.2466,0.0,0.0,0.0,0.0,0.0,,
2010-03-17,1124059597.4,11.2466,0.0,0.0,0.0,0.0,0.0,,
2010-03-16,1124059597.4,11.2466,0.0,0.0,0.0,0.0,0.0,,
2010-03-15,1124059597.4,11.2466,0.0,0.0,0.0,0.0,0.0,,
2010-03-12,1123118173.74,11.2371,0.0,0.0,0.0,0.0,0.0,,
2010-03-11,1123118173.74,11.2371,0.0,0.0,0.0,0.0,0.0,,
2010-03-10,1123118173.74,11.2371,0.0,0.0,0.0,0.0,0.0,,
2010-03-09,1123118173.74,11.2371,0.0,0.0,0.0,0.0,0.0,,
2010-03-08,1127934953.52,11.2853,0.0,0.0,0.0,0.0,0.0,,
2010-03-05,1127934953.52,11.2853,0.0,0.0,0.0,0.0,0.0,,
2010-03-04,1127934953.52,11.2853,0.0,0.0,0.0,0.0,0.0,,
2010-03-03,1127934953.52,11.2853,0.0,0.0,0.0,0.0,0.0,,
2010-03-02,1118232807.91,11.1883,0.0,0.0,0.0,0.0,0.0,,
2010-02-26,1118232807.91,11.1883,0.0,0.0,0.0,0.0,0.0,,
2010-02-25,1118232807.91,11.1883,0.0,0.0,0.0,0.0,0.0,,
2010-02-24,1118232807.91,11.1883,0.0,0.0,0.0,0.0,0.0,,
2010-02-23,1118232807.91,11.1883,0.0,0.0,0.0,0.0,0.0,,
2010-02-22,1122330917.74,11.2293,0.0,0.0,0.0,0.0,0.0,,
2010-02-19,1122330917.74,11.2293,0.0,0.0,0.0,0.0,0.0,,
2010-02-18,1122330917.74,11.2293,0.0,0.0,0.0,0.0,0.0,,
2010-02-17,1122330917.74,11.2293,0.0,0.0,0.0,0.0,0.0,,
2010-02-16,1122330917.74,11.2293,0.0,0.0,0.0,0.0,0.0,,
2010-02-15,1125006842.86,11.255999999999998,0.0,0.0,0.0,0.0,0.0,,
2010-02-12,1125006842.86,11.255999999999998,0.0,0.0,0.0,0.0,0.0,,
2010-02-11,1125006842.86,11.255999999999998,0.0,0.0,0.0,0.0,0.0,,
2010-02-10,1125006842.86,11.255999999999998,0.0,0.0,0.0,0.0,0.0,,
2010-02-09,1125006842.86,11.255999999999998,0.0,0.0,0.0,0.0,0.0,,
2010-02-08,1123294637.2,11.2389,0.0,0.0,0.0,0.0,0.0,,
2010-02-05,1123294637.2,11.2389,0.0,0.0,0.0,0.0,0.0,,
2010-02-04,1123294637.2,11.2389,0.0,0.0,0.0,0.0,0.0,,
2010-02-03,1123294637.2,11.2389,0.0,0.0,0.0,0.0,0.0,,
2010-02-02,1123144107.83,11.2374,0.0,0.0,0.0,0.0,0.0,,
2010-02-01,1120219476.53,11.2081,0.0,0.0,0.0,0.0,0.0,,
2010-01-29,1120219476.53,11.2081,0.0,0.0,0.0,0.0,0.0,,
2010-01-28,1120219476.53,11.2081,0.0,0.0,0.0,0.0,0.0,,
2010-01-27,1120219476.53,11.2081,0.0,0.0,0.0,0.0,0.0,,
2010-01-26,1120219476.53,11.2081,0.0,0.0,0.0,0.0,0.0,,
2010-01-25,1117927801.33,11.1852,0.0,0.0,0.0,0.0,0.0,,
2010-01-22,1117927801.33,11.1852,0.0,0.0,0.0,0.0,0.0,,
2010-01-21,1117927801.33,11.1852,0.0,0.0,0.0,0.0,0.0,,
2010-01-20,1117927801.33,11.1852,0.0,0.0,0.0,0.0,0.0,,
2010-01-19,1117927801.33,11.1852,0.0,0.0,0.0,0.0,0.0,,
2010-01-18,1114120488.39,11.1471,0.0,0.0,0.0,0.0,0.0,,
2010-01-15,1114120488.39,11.1471,0.0,0.0,0.0,0.0,0.0,,
2010-01-14,1114120488.39,11.1471,0.0,0.0,0.0,0.0,0.0,,
2010-01-13,1114120488.39,11.1471,0.0,0.0,0.0,0.0,0.0,,
2010-01-12,1114120488.39,11.1471,0.0,0.0,0.0,0.0,0.0,,
2010-01-11,1113542626.79,11.1413,0.0,0.0,0.0,0.0,0.0,,
2010-01-08,1113542626.79,11.1413,0.0,0.0,0.0,0.0,0.0,,
2010-01-07,1113542626.79,11.1413,0.0,0.0,0.0,0.0,0.0,,
2010-01-06,1113542626.79,11.1413,0.0,0.0,0.0,0.0,0.0,,
2010-01-05,1113984536.18,11.1458,0.0,0.0,0.0,0.0,0.0,,
2010-01-04,1115207914.5,11.158,0.0,11.1641,11.158,0.0,0.0,,
2009-12-30,1113984536.18,11.1458,0.0,0.0,0.0,0.0,0.0,,
2009-12-29,1115207914.5,11.158,0.0,11.1641,11.158,0.0,0.0,,
2009-12-28,1124431585.06,11.2503,0.0,11.2564,11.2503,0.0,0.0,,
2009-12-25,1124431585.06,11.2503,0.0,11.2564,11.2503,0.0,0.0,,
2009-12-24,1124431585.06,11.2503,0.0,11.2564,11.2503,0.0,0.0,,
2009-12-23,1124431585.06,11.2503,0.0,11.2564,11.2503,0.0,0.0,,
2009-12-22,1124431585.06,11.2503,0.0,11.2564,11.2503,0.0,0.0,,
2009-12-21,1118389652.75,11.1898,0.0,11.1959,11.1898,0.0,0.0,,
2009-12-18,1118389652.75,11.1898,0.0,11.1959,11.1898,0.0,0.0,,
2009-12-17,1118389652.75,11.1898,0.0,11.1959,11.1898,0.0,0.0,,
2009-12-16,1118389652.75,11.1898,0.0,11.1959,11.1898,0.0,0.0,,
2009-12-15,1118389652.75,11.1898,0.0,11.1959,11.1898,0.0,0.0,,
2009-12-14,1119607517.58,11.202,0.0,11.2081,11.202,0.0,0.0,,
2009-12-11,1119607517.58,11.202,0.0,11.2081,11.202,0.0,0.0,,
2009-12-09,1119607517.58,11.202,0.0,11.2081,11.202,0.0,0.0,,
2009-12-04,1127804509.09,11.284,0.0,11.2901,11.284,0.0,0.0,,
2009-12-03,1127804509.09,11.284,0.0,11.2901,11.284,0.0,0.0,,
2009-12-02,1127804509.09,11.284,0.0,11.2901,11.284,0.0,0.0,,
2009-12-01,1124144332.51,11.2474,0.0,11.2535,11.2474,0.0,0.0,,
2009-11-30,1127804509.09,11.284,0.0,11.2901,11.284,0.0,0.0,,
2009-11-27,1120933016.91,11.2153,0.0,0.0,0.0,0.0,0.0,,
2009-11-26,1120933016.91,11.2153,0.0,0.0,0.0,0.0,0.0,,
2009-11-25,1120933016.91,11.2153,0.0,0.0,0.0,0.0,0.0,,
2009-11-24,1120933016.91,11.2153,0.0,0.0,0.0,0.0,0.0,,
2009-11-23,1114646951.69,11.1524,0.0,0.0,0.0,0.0,0.0,,
2009-11-20,1114646951.69,11.1524,0.0,0.0,0.0,0.0,0.0,,
2009-11-19,1114646951.69,11.1524,0.0,0.0,0.0,0.0,0.0,,
2009-11-18,1114646951.69,11.1524,0.0,0.0,0.0,0.0,0.0,,
2009-11-17,1114646951.69,11.1524,0.0,0.0,0.0,0.0,0.0,,
2009-11-16,1111571156.65,11.1216,0.0,0.0,0.0,0.0,0.0,,
2009-11-13,1111571156.65,11.1216,0.0,0.0,0.0,0.0,0.0,,
2009-11-12,1111571156.65,11.1216,0.0,0.0,0.0,0.0,0.0,,
2009-11-11,1111571156.65,11.1216,0.0,0.0,0.0,0.0,0.0,,
2009-11-10,1111571156.65,11.1216,0.0,0.0,0.0,0.0,0.0,,
2009-11-09,1117657374.42,11.1825,0.0,0.0,0.0,0.0,0.0,,
2009-11-06,1117657374.42,11.1825,0.0,0.0,0.0,0.0,0.0,,
2009-11-05,1117657374.42,11.1825,0.0,0.0,0.0,0.0,0.0,,
2009-11-04,1117657374.42,11.1825,0.0,0.0,0.0,0.0,0.0,,
2009-11-03,1114609786.83,11.152,0.0,0.0,0.0,0.0,0.0,,
2009-11-02,1114609786.83,11.152,0.0,0.0,0.0,0.0,0.0,,
2009-10-30,1117581905.7,11.1818,0.0,11.1879,11.1818,0.0,0.0,,
2009-10-29,1114609786.83,11.152,0.0,0.0,0.0,0.0,0.0,,
2009-10-28,1114609786.83,11.152,0.0,0.0,0.0,0.0,0.0,,
2009-10-27,1114609786.83,11.152,0.0,0.0,0.0,0.0,0.0,,
2009-10-26,1114974985.77,11.1557,0.0,0.0,0.0,0.0,0.0,,
2009-10-22,1114974985.77,11.1557,0.0,0.0,0.0,0.0,0.0,,
2009-10-21,1114974985.77,11.1557,0.0,0.0,0.0,0.0,0.0,,
2009-10-20,1116594341.44,11.1719,0.0,0.0,0.0,0.0,0.0,,
2009-10-19,1116594541.43,11.1719,0.0,0.0,0.0,0.0,0.0,,
2009-10-16,1121315412.24,11.2191,0.0,0.0,0.0,0.0,0.0,,
2009-10-15,1121315412.24,11.2191,0.0,0.0,0.0,0.0,0.0,,
2009-10-14,1121315412.24,11.2191,0.0,0.0,0.0,0.0,0.0,,
2009-10-13,1121315412.24,11.2191,0.0,0.0,0.0,0.0,0.0,,
2009-10-12,1121315412.24,11.2191,0.0,0.0,0.0,0.0,0.0,,
2009-10-09,1121315412.24,11.2191,0.0,0.0,0.0,0.0,0.0,,
2009-10-08,1121315412.24,11.2191,0.0,0.0,0.0,0.0,0.0,,
2009-10-07,1121315412.24,11.2191,0.0,0.0,0.0,0.0,0.0,,
2009-10-06,1117188037.5,11.1778,0.0,0.0,0.0,0.0,0.0,,
2009-10-05,1117188037.5,11.1778,0.0,0.0,0.0,0.0,0.0,,
2009-10-02,1117188037.5,11.1778,0.0,0.0,0.0,0.0,0.0,,
2009-10-01,1106480474.37,11.0707,0.0,0.0,0.0,0.0,0.0,,
2009-09-30,1117188037.5,11.1778,0.0,0.0,0.0,0.0,0.0,,
2009-09-29,1106480474.37,11.0707,0.0,0.0,0.0,0.0,0.0,,
2009-09-28,1106173869.48,11.0676,0.0,0.0,0.0,0.0,0.0,,
2009-09-25,1106173869.48,11.0676,0.0,0.0,0.0,0.0,0.0,,
2009-09-24,1106173869.48,11.0676,0.0,0.0,0.0,0.0,0.0,,
2009-09-23,1106173869.48,11.0676,0.0,0.0,0.0,0.0,0.0,,
2009-09-22,1106173869.48,11.0676,0.0,0.0,0.0,0.0,0.0,,
2009-09-21,1127236625.88,11.2784,0.0,0.0,0.0,0.0,0.0,,
2009-09-18,1127236625.88,11.2784,0.0,0.0,0.0,0.0,0.0,,
2009-09-17,1127236625.88,11.2784,0.0,0.0,0.0,0.0,0.0,,
2009-09-16,1127236625.88,11.2784,0.0,0.0,0.0,0.0,0.0,,
2009-09-15,1127236625.88,11.2784,0.0,0.0,0.0,0.0,0.0,,
2009-09-14,1109620016.14,11.1021,0.0,0.0,0.0,0.0,0.0,,
2009-09-11,1109620016.14,11.1021,0.0,0.0,0.0,0.0,0.0,,
2009-09-10,1109620016.14,11.1021,0.0,0.0,0.0,0.0,0.0,,
2009-09-09,1109620016.14,11.1021,0.0,0.0,0.0,0.0,0.0,,
2009-09-08,1110630041.27,11.1122,0.0,0.0,0.0,0.0,0.0,,
2009-09-07,1110630041.27,11.1122,0.0,0.0,0.0,0.0,0.0,,
2009-09-04,1110630041.27,11.1122,0.0,0.0,0.0,0.0,0.0,,
2009-09-03,1110630041.27,11.1122,0.0,0.0,0.0,0.0,0.0,,
2009-09-02,1110630041.27,11.1122,0.0,0.0,0.0,0.0,0.0,,
2009-09-01,1122009042.35,11.226,0.0,0.0,0.0,0.0,0.0,,
2009-08-31,1110630041.27,11.1122,0.0,0.0,0.0,0.0,0.0,,
2009-08-28,1113824499.38,11.1442,0.0,0.0,0.0,0.0,0.0,,
2009-08-27,1113824499.38,11.1442,0.0,0.0,0.0,0.0,0.0,,
2009-08-26,1113824499.38,11.1442,0.0,0.0,0.0,0.0,0.0,,
2009-08-25,1113824499.38,11.1442,0.0,0.0,0.0,0.0,0.0,,
2009-08-24,1109141648.17,11.0973,0.0,0.0,0.0,0.0,0.0,,
2009-08-21,1109141648.17,11.0973,0.0,0.0,0.0,0.0,0.0,,
2009-08-20,1109141648.17,11.0973,0.0,0.0,0.0,0.0,0.0,,
2009-08-19,1109141648.17,11.0973,0.0,0.0,0.0,0.0,0.0,,
2009-08-18,1098554459.16,10.9914,0.0,0.0,0.0,0.0,0.0,,
2009-08-17,1098554459.16,10.9914,0.0,0.0,0.0,0.0,0.0,,
2009-08-14,1098554459.16,10.9914,0.0,0.0,0.0,0.0,0.0,,
2009-08-13,1098554459.16,10.9914,0.0,0.0,0.0,0.0,0.0,,
2009-08-11,1098554459.16,10.9914,0.0,0.0,0.0,0.0,0.0,,
2009-08-10,1098122223.51,10.9871,0.0,0.0,0.0,0.0,0.0,,
2009-08-07,1098122223.51,10.9871,0.0,0.0,0.0,0.0,0.0,,
2009-08-06,1098122223.51,10.9871,0.0,0.0,0.0,0.0,0.0,,
2009-08-05,1098122223.51,10.9871,0.0,0.0,0.0,0.0,0.0,,
2009-08-04,1098122223.51,10.9871,0.0,0.0,0.0,0.0,0.0,,
2009-07-31,1089315161.09,10.8989,0.0,0.0,0.0,0.0,0.0,,
2009-07-30,1089315161.09,10.8989,0.0,0.0,0.0,0.0,0.0,,
2009-07-29,1089315161.09,10.8989,0.0,0.0,0.0,0.0,0.0,,
2009-07-28,1089315161.09,10.8989,0.0,0.0,0.0,0.0,0.0,,
2009-07-27,1088970629.46,10.8955,0.0,0.0,0.0,0.0,0.0,,
2009-07-24,1088970629.46,10.8955,0.0,0.0,0.0,0.0,0.0,,
2009-07-23,1088970629.46,10.8955,0.0,0.0,0.0,0.0,0.0,,
2009-07-22,1088970629.46,10.8955,0.0,0.0,0.0,0.0,0.0,,
2009-07-20,1094260668.42,10.9484,0.0,0.0,0.0,0.0,0.0,,
2009-07-17,1094260668.42,10.9484,0.0,0.0,0.0,0.0,0.0,,
2009-07-16,1094260668.42,10.9484,0.0,0.0,0.0,0.0,0.0,,
2009-07-15,1094260668.42,10.9484,0.0,0.0,0.0,0.0,0.0,,
2009-07-14,1094260668.42,10.9484,0.0,0.0,0.0,0.0,0.0,,
2009-07-13,1091315430.67,10.9189,0.0,0.0,0.0,0.0,0.0,,
2009-07-10,1091315430.67,10.9189,0.0,0.0,0.0,0.0,0.0,,
2009-07-09,1092228924.09,10.9281,0.0,0.0,0.0,0.0,0.0,,
2009-07-08,1092228924.09,10.9281,0.0,0.0,0.0,0.0,0.0,,
2009-07-03,1022707597.42,10.2325,0.0,0.0,0.0,0.0,0.0,,
2009-07-02,1022707597.42,10.2325,0.0,0.0,0.0,0.0,0.0,,
2009-06-30,1007677586.58,10.0821,0.0,0.0,0.0,0.0,0.0,,
2009-06-29,1007677586.58,10.0821,0.0,0.0,0.0,0.0,0.0,,
2009-06-26,1007677586.58,10.0821,0.0,0.0,0.0,0.0,0.0,,
2009-06-25,1007677586.58,10.0821,0.0,0.0,0.0,0.0,0.0,,
2009-06-24,1070243447.08,10.7081,0.0,0.0,0.0,0.0,0.0,,
2009-06-23,1070243447.08,10.7081,0.0,0.0,0.0,0.0,0.0,,
2009-06-22,1070243447.08,10.7081,0.0,0.0,0.0,0.0,0.0,,
2009-06-19,1070243447.08,10.7081,0.0,0.0,0.0,0.0,0.0,,
2009-06-18,1070243447.08,10.7081,0.0,0.0,0.0,0.0,0.0,,
2009-06-17,1070243447.08,10.7081,0.0,0.0,0.0,0.0,0.0,,
2009-06-16,1067071156.79,10.6764,0.0,0.0,0.0,0.0,0.0,,
2009-06-15,1067071156.79,10.6764,0.0,0.0,0.0,0.0,0.0,,
2009-06-12,1070243447.08,10.7081,0.0,0.0,0.0,0.0,0.0,,
2009-06-11,1067071156.79,10.6764,0.0,0.0,0.0,0.0,0.0,,
2009-06-10,1067071156.79,10.6764,0.0,0.0,0.0,0.0,0.0,,
2009-06-09,1067071156.79,10.6764,0.0,0.0,0.0,0.0,0.0,,
2009-06-08,1075919040.2,10.7649,0.0,0.0,0.0,0.0,0.0,,
2009-06-05,1067071156.79,10.6764,0.0,0.0,0.0,0.0,0.0,,
2009-06-04,1075919040.2,10.7649,0.0,0.0,0.0,0.0,0.0,,
2009-06-03,1075919040.2,10.7649,0.0,0.0,0.0,0.0,0.0,,
2009-06-02,1075736918.24,10.7631,0.0,0.0,0.0,0.0,0.0,,
2009-06-01,1096430255.92,10.9701,0.0,0.0,0.0,0.0,0.0,,
2009-05-29,1075736918.24,10.7631,0.0,0.0,0.0,0.0,0.0,,
2009-05-28,1096430255.92,10.9701,0.0,0.0,0.0,0.0,0.0,,
2009-05-27,1096430255.92,10.9701,0.0,0.0,0.0,0.0,0.0,,
2009-05-26,1093010356.38,10.9359,0.0,0.0,0.0,0.0,0.0,,
2009-05-25,1093010356.38,10.9359,0.0,0.0,0.0,0.0,0.0,,
2009-05-22,1093010356.38,10.9359,0.0,0.0,0.0,0.0,0.0,,
2009-05-21,1093010356.38,10.9359,0.0,0.0,0.0,0.0,0.0,,
2009-05-20,1093010356.38,10.9359,0.0,0.0,0.0,0.0,0.0,,
2009-05-19,1093010356.38,10.9359,0.0,0.0,0.0,0.0,0.0,,
2009-05-18,1093147574.92,10.9373,0.0,0.0,0.0,0.0,0.0,,
2009-05-15,1093147574.92,10.9373,0.0,0.0,0.0,0.0,0.0,,
2009-05-14,1093147574.92,10.9373,0.0,0.0,0.0,0.0,0.0,,
2009-05-13,1093147574.92,10.9373,0.0,0.0,0.0,0.0,0.0,,
2009-05-12,1105568564.6,11.0616,0.0,0.0,0.0,0.0,0.0,,
2009-05-11,1105568564.6,11.0616,0.0,0.0,0.0,0.0,0.0,,
2009-05-07,1105568564.6,11.0616,0.0,0.0,0.0,0.0,0.0,,
2009-05-06,1105568564.6,11.0616,0.0,0.0,0.0,0.0,0.0,,
2009-05-04,1100127574.27,11.0071,0.0,0.0,0.0,0.0,0.0,,
2009-04-30,1105568564.6,11.0616,0.0,0.0,0.0,0.0,0.0,,
2009-04-29,1100127574.27,11.0071,0.0,0.0,0.0,0.0,0.0,,
2009-04-28,1100127574.27,11.0071,0.0,0.0,0.0,0.0,0.0,,
2009-04-27,1097321270.81,10.979,0.0,0.0,0.0,0.0,0.0,,
2009-04-24,1097321270.81,10.979,0.0,0.0,0.0,0.0,0.0,,
2009-04-23,1097321270.81,10.979,0.0,0.0,0.0,0.0,0.0,,
2009-04-22,1097321270.81,10.979,0.0,0.0,0.0,0.0,0.0,,
2009-04-21,1091691933.64,10.9227,0.0,0.0,0.0,0.0,0.0,,
2009-04-20,1100397937.53,11.0098,0.0,0.0,0.0,0.0,0.0,,
2009-04-17,1100397937.53,11.0098,0.0,0.0,0.0,0.0,0.0,,
2009-04-16,1100397937.53,11.0098,0.0,0.0,0.0,0.0,0.0,,
2009-04-08,1106853948.94,11.0744,0.0,0.0,0.0,0.0,0.0,,
2009-04-07,1106853948.94,11.0744,0.0,0.0,0.0,0.0,0.0,,
2009-04-03,1106853948.94,11.0744,0.0,0.0,0.0,0.0,0.0,,
2009-04-02,1106853948.94,11.0744,0.0,0.0,0.0,0.0,0.0,,
2009-04-01,1160831653.68,11.6145,0.0,0.0,0.0,0.0,0.0,,
2009-03-31,1171631578.09,11.7225,0.0,0.0,0.0,0.0,0.0,,
2009-03-30,1171631578.09,11.7225,0.0,0.0,0.0,0.0,0.0,,
2009-03-27,1171631578.09,11.7225,0.0,0.0,0.0,0.0,0.0,,
2009-03-26,1171631578.09,11.7225,0.0,0.0,0.0,0.0,0.0,,
2009-03-25,1171631578.09,11.7225,0.0,0.0,0.0,0.0,0.0,,
2009-03-24,1112488878.66,11.1308,0.0,0.0,0.0,0.0,0.0,,
2009-03-23,1112488878.66,11.1308,0.0,0.0,0.0,0.0,0.0,,
2009-03-20,1112488878.66,11.1308,0.0,0.0,0.0,0.0,0.0,,
2009-03-19,1112488878.66,11.1308,0.0,0.0,0.0,0.0,0.0,,
2009-03-18,1112488878.66,11.1308,0.0,0.0,0.0,0.0,0.0,,
2009-03-17,1112488878.66,11.1308,0.0,0.0,0.0,0.0,0.0,,
2009-03-16,1110339913.36,11.1093,0.0,0.0,0.0,0.0,0.0,,
2009-03-13,1110339913.36,11.1093,0.0,0.0,0.0,0.0,0.0,,
2009-03-12,1110339913.36,11.1093,0.0,0.0,0.0,0.0,0.0,,
2009-03-11,1110339913.36,11.1093,0.0,0.0,0.0,0.0,0.0,,
2009-03-10,1102679184.02,11.0326,0.0,0.0,0.0,0.0,0.0,,
2009-03-09,1102679184.02,11.0326,0.0,0.0,0.0,0.0,0.0,,
2009-03-06,1102679184.02,11.0326,0.0,0.0,0.0,0.0,0.0,,
2009-03-05,1102679184.02,11.0326,0.0,0.0,0.0,0.0,0.0,,
2009-03-04,1102679184.02,11.0326,0.0,0.0,0.0,0.0,0.0,,
2009-03-03,1102505200.21,11.0309,0.0,0.0,0.0,0.0,0.0,,
2009-03-02,1108600915.93,11.0919,0.0,0.0,0.0,0.0,0.0,,
2009-02-27,1108600915.93,11.0919,0.0,0.0,0.0,0.0,0.0,,
2009-02-26,1108600915.93,11.0919,0.0,0.0,0.0,0.0,0.0,,
2009-02-25,1108600915.93,11.0919,0.0,0.0,0.0,0.0,0.0,,
2009-02-24,1106960965.77,11.0755,0.0,0.0,0.0,0.0,0.0,,
2009-02-23,1106960965.77,11.0755,0.0,0.0,0.0,0.0,0.0,,
2009-02-20,1106960965.77,11.0755,0.0,0.0,0.0,0.0,0.0,,
2009-02-19,1106960965.77,11.0755,0.0,0.0,0.0,0.0,0.0,,
2009-02-18,1106960965.77,11.0755,0.0,0.0,0.0,0.0,0.0,,
2009-02-17,1087907850.24,10.8849,0.0,0.0,0.0,0.0,0.0,,
2009-02-16,1087907850.24,10.8849,0.0,0.0,0.0,0.0,0.0,,
2009-02-13,1087907850.24,10.8849,0.0,0.0,0.0,0.0,0.0,,
2009-02-12,1087907850.24,10.8849,0.0,0.0,0.0,0.0,0.0,,
2009-02-11,1088257386.36,10.8884,0.0,0.0,0.0,0.0,0.0,,
2009-02-10,1088257386.36,10.8884,0.0,0.0,0.0,0.0,0.0,,
2009-02-06,1088257386.36,10.8884,0.0,0.0,0.0,0.0,0.0,,
2009-02-05,1088257386.36,10.8884,0.0,0.0,0.0,0.0,0.0,,
2009-02-04,1088185650.25,10.8876,0.0,0.0,0.0,0.0,0.0,,
2009-02-03,1088185650.25,10.8876,0.0,0.0,0.0,0.0,0.0,,
2009-02-02,1070094448.17,10.7066,0.0,0.0,0.0,0.0,0.0,,
2009-01-30,1070094448.17,10.7066,0.0,0.0,0.0,0.0,0.0,,
2009-01-29,1070094448.17,10.7066,0.0,0.0,0.0,0.0,0.0,,
2009-01-28,1070094448.17,10.7066,0.0,0.0,0.0,0.0,0.0,,
2009-01-27,1070094448.17,10.7066,0.0,0.0,0.0,0.0,0.0,,
2009-01-26,1106660587.22,11.0725,0.0,0.0,0.0,0.0,0.0,,
2009-01-23,1081703027.25,10.8228,0.0,0.0,0.0,0.0,0.0,,
2009-01-22,1081703027.25,10.8228,0.0,0.0,0.0,0.0,0.0,,
2009-01-21,1081703027.25,10.8228,0.0,0.0,0.0,0.0,0.0,,
2009-01-20,1081703027.25,10.8228,0.0,0.0,0.0,0.0,0.0,,
2009-01-19,1081703027.25,10.8228,0.0,0.0,0.0,0.0,0.0,,
2009-01-16,1081703027.25,10.8228,0.0,0.0,0.0,0.0,0.0,,
2009-01-15,1081703027.25,10.8228,0.0,0.0,0.0,0.0,0.0,,
2009-01-14,1081703027.25,10.8228,0.0,0.0,0.0,0.0,0.0,,
2009-01-13,1081703027.25,10.8228,0.0,0.0,0.0,0.0,0.0,,
2009-01-12,1111059179.76,11.1165,0.0,0.0,0.0,0.0,0.0,,
2009-01-09,1111059179.76,11.1165,0.0,0.0,0.0,0.0,0.0,,
2009-01-08,1114839476.17,11.1543,0.0,0.0,0.0,0.0,0.0,,
2009-01-07,1114839476.17,11.1543,0.0,0.0,0.0,0.0,0.0,,
2009-01-06,1114839476.17,11.1543,0.0,0.0,0.0,0.0,0.0,,
2009-01-05,1191840615.04,11.9247,0.0,0.0,0.0,0.0,0.0,,
2008-12-30,1191840615.04,11.9247,0.0,0.0,0.0,0.0,0.0,,
2008-12-29,1194025831.4,11.9466,0.0,0.0,0.0,0.0,0.0,,
2008-12-26,1194025831.4,11.9466,0.0,0.0,0.0,0.0,0.0,,
2008-12-25,1194025831.4,11.9466,0.0,0.0,0.0,0.0,0.0,,
2008-12-24,1194025831.4,11.9466,0.0,0.0,0.0,0.0,0.0,,
2008-12-23,1194025831.4,11.9466,0.0,0.0,0.0,0.0,0.0,,
2008-12-22,1109694035.18,11.1028,0.0,0.0,0.0,0.0,0.0,,
2008-12-19,1109694035.18,11.1028,0.0,0.0,0.0,0.0,0.0,,
2008-12-18,1110567054.42,11.1116,0.0,0.0,0.0,0.0,0.0,,
2008-12-17,1110553406.17,11.1114,0.0,0.0,0.0,0.0,0.0,,
2008-12-16,1110553406.17,11.1114,0.0,0.0,0.0,0.0,0.0,,
2008-12-15,1110553406.17,11.1114,0.0,0.0,0.0,0.0,0.0,,
2008-12-12,1110553406.17,11.1114,0.0,0.0,0.0,0.0,0.0,,
2008-12-11,1110553406.17,11.1114,0.0,0.0,0.0,0.0,0.0,,
2008-12-09,1100685327.07,11.0127,0.0,0.0,0.0,0.0,0.0,,
2008-12-08,1100685327.07,11.0127,0.0,0.0,0.0,0.0,0.0,,
2008-12-03,1100526412.51,11.0111,0.0,0.0,0.0,0.0,0.0,,
2008-12-02,1100526412.51,11.0111,0.0,0.0,0.0,0.0,0.0,,
2008-12-01,1072835843.03,10.7341,0.0,0.0,0.0,0.0,0.0,,
2008-11-28,1072835843.03,10.7341,0.0,0.0,0.0,0.0,0.0,,
2008-11-27,1072835843.03,10.7341,0.0,0.0,0.0,0.0,0.0,,
2008-11-26,1072835843.03,10.7341,0.0,0.0,0.0,0.0,0.0,,
2008-11-25,1072835843.03,10.7341,0.0,0.0,0.0,0.0,0.0,,
2008-11-24,1050986598.42,10.5154,0.0,0.0,0.0,0.0,0.0,,
2008-11-21,1050986598.42,10.5154,0.0,0.0,0.0,0.0,0.0,,
2008-11-20,1050986598.42,10.5154,0.0,0.0,0.0,0.0,0.0,,
2008-11-19,1050986598.42,10.5154,0.0,0.0,0.0,0.0,0.0,,
2008-11-18,1050986598.42,10.5154,0.0,0.0,0.0,0.0,0.0,,
2008-11-17,1055982954.83,10.5654,0.0,0.0,0.0,0.0,0.0,,
2008-11-14,1055982954.83,10.5654,0.0,0.0,0.0,0.0,0.0,,
2008-11-13,1055982954.83,10.5654,0.0,0.0,0.0,0.0,0.0,,
2008-11-12,1055982954.83,10.5654,0.0,0.0,0.0,0.0,0.0,,
2008-11-11,1047485780.38,10.4804,0.0,0.0,0.0,0.0,0.0,,
2008-11-10,1047485780.38,10.4804,0.0,0.0,0.0,0.0,0.0,,
2008-11-07,1047485780.38,10.4804,0.0,0.0,0.0,0.0,0.0,,
2008-11-06,1047485780.38,10.4804,0.0,0.0,0.0,0.0,0.0,,
2008-11-05,1047485780.38,10.4804,0.0,0.0,0.0,0.0,0.0,,
2008-11-04,1019543722.51,10.2008,0.0,0.0,0.0,0.0,0.0,,
2008-11-03,1019543722.51,10.2008,0.0,0.0,0.0,0.0,0.0,,
2008-10-31,1019543722.51,10.2008,0.0,0.0,0.0,0.0,0.0,,
2008-10-30,1019543722.51,10.2008,0.0,0.0,0.0,0.0,0.0,,
2008-10-29,1019543722.51,10.2008,0.0,0.0,0.0,0.0,0.0,,
2008-10-28,1019543722.51,10.2008,0.0,0.0,0.0,0.0,0.0,,
2008-10-27,1035156557.06,10.3571,0.0,0.0,0.0,0.0,0.0,,
2008-10-24,1035156557.06,10.3571,0.0,0.0,0.0,0.0,0.0,,
2008-10-22,1035156557.06,10.3571,0.0,0.0,0.0,0.0,0.0,,
2008-10-21,1035156557.06,10.3571,0.0,0.0,0.0,0.0,0.0,,
2008-10-20,1035156557.06,10.3571,0.0,0.0,0.0,0.0,0.0,,
2008-10-17,1026000516.42,10.2654,0.0,0.0,0.0,0.0,0.0,,
2008-10-16,1026000516.42,10.2654,0.0,0.0,0.0,0.0,0.0,,
2008-10-15,1026000516.42,10.2654,0.0,0.0,0.0,0.0,0.0,,
2008-10-14,1026000516.42,10.2654,0.0,0.0,0.0,0.0,0.0,,
2008-10-13,1036940599.89,10.3749,0.0,0.0,0.0,0.0,0.0,,
2008-10-10,1036940599.89,10.3749,0.0,0.0,0.0,0.0,0.0,,
2008-10-09,1036940599.89,10.3749,0.0,0.0,0.0,0.0,0.0,,
2008-10-08,1036940599.89,10.3749,0.0,0.0,0.0,0.0,0.0,,
2008-10-07,1036940599.89,10.3749,0.0,0.0,0.0,0.0,0.0,,
2008-10-06,1051245015.62,10.518,0.0,0.0,0.0,0.0,0.0,,
2008-10-03,1051245015.62,10.518,0.0,0.0,0.0,0.0,0.0,,
2008-10-02,1051245015.62,10.518,0.0,0.0,0.0,0.0,0.0,,
2008-10-01,1111808652.67,11.124,0.0,0.0,0.0,0.0,0.0,,
2008-09-30,1111808652.67,11.124,0.0,0.0,0.0,0.0,0.0,,
2008-09-29,1093300019.86,10.9388,0.0,0.0,0.0,0.0,0.0,,
2008-09-26,1093300019.86,10.9388,0.0,0.0,0.0,0.0,0.0,,
2008-09-25,1093300019.86,10.9388,0.0,0.0,0.0,0.0,0.0,,
2008-09-24,1093300019.86,10.9388,0.0,0.0,0.0,0.0,0.0,,
2008-09-23,1024145175.27,10.2469,0.0,0.0,0.0,0.0,0.0,,
2008-09-22,1024145175.27,10.2469,0.0,0.0,0.0,0.0,0.0,,
2008-09-19,1024145175.27,10.2469,0.0,0.0,0.0,0.0,0.0,,
2008-09-18,1024145175.27,10.2469,0.0,0.0,0.0,0.0,0.0,,
2008-09-17,1024145175.27,10.2469,0.0,0.0,0.0,0.0,0.0,,
2008-09-16,1024145175.27,10.2469,0.0,0.0,0.0,0.0,0.0,,
2008-09-15,1024145175.27,10.2469,0.0,0.0,0.0,0.0,0.0,,
2008-09-12,1036354003.18,10.369000000000002,0.0,10.3746,10.369000000000002,0.0,0.0,,
2008-09-11,1036354003.18,10.369000000000002,0.0,10.3746,10.369000000000002,0.0,0.0,,
2008-09-10,1036354003.18,10.369000000000002,0.0,10.3746,10.369000000000002,0.0,0.0,,
2008-09-09,1040520307.96,10.4107,0.0,0.0,0.0,0.0,0.0,,
2008-09-08,1040520307.96,10.4107,0.0,0.0,0.0,0.0,0.0,,
2008-09-05,1040520307.96,10.4107,0.0,0.0,0.0,0.0,0.0,,
2008-09-04,1040520307.96,10.4107,0.0,0.0,0.0,0.0,0.0,,
2008-09-03,1040520307.96,10.4107,0.0,0.0,0.0,0.0,0.0,,
2008-09-02,1042561843.62,10.4312,0.0,0.0,0.0,0.0,0.0,,
2008-09-01,1042561843.62,10.4312,0.0,0.0,0.0,0.0,0.0,,
2008-08-29,1042561843.62,10.4312,0.0,0.0,0.0,0.0,0.0,,
2008-08-28,1042561843.62,10.4312,0.0,0.0,0.0,0.0,0.0,,
2008-08-27,1042561843.62,10.4312,0.0,0.0,0.0,0.0,0.0,,
2008-08-26,1042561843.62,10.4312,0.0,0.0,0.0,0.0,0.0,,
2008-08-25,1035846578.38,10.364,0.0,0.0,0.0,0.0,0.0,,
2008-08-22,1035846578.38,10.364,0.0,0.0,0.0,0.0,0.0,,
2008-08-21,1035846578.38,10.364,0.0,0.0,0.0,0.0,0.0,,
2008-08-20,1035846578.38,10.364,0.0,0.0,0.0,0.0,0.0,,
2008-08-19,1014563131.44,10.151,0.0,0.0,0.0,0.0,0.0,,
2008-08-18,1014563131.44,10.151,0.0,0.0,0.0,0.0,0.0,,
2008-08-15,1014563131.44,10.151,0.0,0.0,0.0,0.0,0.0,,
2008-08-14,1014563131.44,10.151,0.0,0.0,0.0,0.0,0.0,,
2008-08-13,1021357862.19,10.219,0.0,0.0,0.0,0.0,0.0,,
2008-08-11,1021357862.19,10.219,0.0,0.0,0.0,0.0,0.0,,
2008-08-08,1021357862.19,10.219,0.0,0.0,0.0,0.0,0.0,,
2008-08-07,1021357862.19,10.219,0.0,0.0,0.0,0.0,0.0,,
2008-08-06,1021357862.19,10.219,0.0,0.0,0.0,0.0,0.0,,
2008-08-05,1021357862.19,10.219,0.0,0.0,0.0,0.0,0.0,,
2008-08-04,999715282.84,10.0025,0.0,0.0,0.0,0.0,0.0,,
2008-08-01,999715282.84,10.0025,0.0,0.0,0.0,0.0,0.0,,
2008-07-31,999715282.84,10.0025,0.0,0.0,0.0,0.0,0.0,,
2008-07-30,999715282.84,10.0025,0.0,0.0,0.0,0.0,0.0,,
2008-07-28,1004733791.32,10.0527,0.0,0.0,0.0,0.0,0.0,,
2008-07-25,1004733791.32,10.0527,0.0,0.0,0.0,0.0,0.0,,
2008-07-24,1004733791.32,10.0527,0.0,0.0,0.0,0.0,0.0,,
2008-07-23,1004733791.32,10.0527,0.0,0.0,0.0,0.0,0.0,,
2008-07-22,1004733791.32,10.0527,0.0,0.0,0.0,0.0,0.0,,
2008-07-21,1027361354.01,10.2791,0.0,0.0,0.0,0.0,0.0,,
2008-07-18,1027361354.01,10.2791,0.0,0.0,0.0,0.0,0.0,,
2008-07-16,1027361354.01,10.2791,0.0,0.0,0.0,0.0,0.0,,
2008-07-15,1027361354.01,10.2791,0.0,0.0,0.0,0.0,0.0,,
2008-07-14,1012213616.73,10.1275,0.0,0.0,0.0,0.0,0.0,,
2008-07-11,1012213616.73,10.1275,0.0,0.0,0.0,0.0,0.0,,
2008-07-10,1012213616.73,10.1275,0.0,0.0,0.0,0.0,0.0,,
2008-07-09,1012213616.73,10.1275,0.0,0.0,0.0,0.0,0.0,,
2008-07-08,1012213616.73,10.1275,0.0,0.0,0.0,0.0,0.0,,
2008-07-07,1010992562.6,10.1153,0.0,0.0,0.0,0.0,0.0,,
2008-07-04,1010992562.6,10.1153,0.0,0.0,0.0,0.0,0.0,,
2008-07-03,1039820957.94,10.4037,0.0,0.0,0.0,0.0,0.0,,
2008-07-02,1023136518.63,10.2368,0.0,10.2424,10.2368,0.0,0.0,,
2008-06-30,1023136518.63,10.2368,0.0,10.2424,10.2368,0.0,0.0,,
2008-06-27,1023136518.63,10.2368,0.0,10.2424,10.2368,0.0,0.0,,
2008-06-26,1023136518.63,10.2368,0.0,10.2424,10.2368,0.0,0.0,,
2008-06-25,1023136518.63,10.2368,0.0,10.2424,10.2368,0.0,0.0,,
2008-06-24,1016337172.3,10.1688,0.0,0.0,0.0,0.0,0.0,,
2008-06-23,1016337172.3,10.1688,0.0,0.0,0.0,0.0,0.0,,
2008-06-20,1016337172.3,10.1688,0.0,0.0,0.0,0.0,0.0,,
2008-06-19,1016337172.3,10.1688,0.0,0.0,0.0,0.0,0.0,,
2008-06-18,1016337172.3,10.1688,0.0,0.0,0.0,0.0,0.0,,
2008-06-17,1016337172.3,10.1688,0.0,0.0,0.0,0.0,0.0,,
2008-06-16,1029465980.38,10.3001,0.0,0.0,0.0,0.0,0.0,,
2008-06-13,1029465980.38,10.3001,0.0,0.0,0.0,0.0,0.0,,
2008-06-12,1029465980.38,10.3001,0.0,0.0,0.0,0.0,0.0,,
2008-06-11,1029465980.38,10.3001,0.0,0.0,0.0,0.0,0.0,,
2008-06-10,1009336748.45,10.0987,0.0,0.0,0.0,0.0,0.0,,
2008-06-09,1009336748.45,10.0987,0.0,0.0,0.0,0.0,0.0,,
2008-06-06,1009336748.45,10.0987,0.0,0.0,0.0,0.0,0.0,,
2008-06-05,1009336748.45,10.0987,0.0,0.0,0.0,0.0,0.0,,
2008-06-04,1009336748.45,10.0987,0.0,0.0,0.0,0.0,0.0,,
2008-06-03,1019408753.12,10.1995,0.0,0.0,0.0,0.0,0.0,,
2008-06-02,1019408753.12,10.1995,0.0,0.0,0.0,0.0,0.0,,
2008-05-30,1019408753.12,10.1995,0.0,0.0,0.0,0.0,0.0,,
2008-05-29,1019408753.12,10.1995,0.0,0.0,0.0,0.0,0.0,,
2008-05-28,1019408753.12,10.1995,0.0,0.0,0.0,0.0,0.0,,
2008-05-27,1019408753.12,10.1995,0.0,0.0,0.0,0.0,0.0,,
2008-05-26,1017489239.25,10.1803,0.0,0.0,0.0,0.0,0.0,,
2008-05-23,1017489239.25,10.1803,0.0,0.0,0.0,0.0,0.0,,
2008-05-22,1017489239.25,10.1803,0.0,0.0,0.0,0.0,0.0,,
2008-05-21,1017489239.25,10.1803,0.0,0.0,0.0,0.0,0.0,,
2008-05-20,1022295602.03,10.2284,0.0,0.0,0.0,0.0,0.0,,
2008-05-16,1022295602.03,10.2284,0.0,0.0,0.0,0.0,0.0,,
2008-05-15,1022295602.03,10.2284,0.0,0.0,0.0,0.0,0.0,,
2008-05-14,1022295602.03,10.2284,0.0,0.0,0.0,0.0,0.0,,
2008-05-13,1022295602.03,10.2284,0.0,0.0,0.0,0.0,0.0,,
2008-05-12,1011610865.32,10.1215,0.0,0.0,0.0,0.0,0.0,,
2008-05-09,1011610865.32,10.1215,0.0,0.0,0.0,0.0,0.0,,
2008-05-08,1011610865.32,10.1215,0.0,0.0,0.0,0.0,0.0,,
2008-05-07,1011610865.32,10.1215,0.0,0.0,0.0,0.0,0.0,,
2008-05-06,1008176444.1,10.0871,0.0,0.0,0.0,0.0,0.0,,
2008-05-02,1008176444.1,10.0871,0.0,0.0,0.0,0.0,0.0,,
2008-04-30,1008176444.1,10.0871,0.0,0.0,0.0,0.0,0.0,,
2008-04-29,1008176444.1,10.0871,0.0,0.0,0.0,0.0,0.0,,
2008-04-28,1011201539.4,10.1174,0.0,0.0,0.0,0.0,0.0,,
2008-04-25,1011201539.4,10.1174,0.0,0.0,0.0,0.0,0.0,,
2008-04-24,1011201539.4,10.1174,0.0,0.0,0.0,0.0,0.0,,
2008-04-23,1011201539.4,10.1174,0.0,0.0,0.0,0.0,0.0,,
2008-04-22,1027947013.36,10.2849,0.0,0.0,0.0,0.0,0.0,,
2008-04-21,1027947013.36,10.2849,0.0,0.0,0.0,0.0,0.0,,
2008-04-18,1027947013.36,10.2849,0.0,0.0,0.0,0.0,0.0,,
2008-04-17,1025510724.56,10.2605,0.0,0.0,0.0,0.0,0.0,,
2008-04-16,1025510724.56,10.2605,0.0,0.0,0.0,0.0,0.0,,
2008-04-11,1025510724.56,10.2605,0.0,0.0,0.0,0.0,0.0,,
2008-04-10,1025510724.56,10.2605,0.0,0.0,0.0,0.0,0.0,,
2008-04-09,1025838659.91,10.2638,0.0,0.0,0.0,0.0,0.0,,
2008-04-08,1025838659.91,10.2638,0.0,0.0,0.0,0.0,0.0,,
2008-04-04,1025838659.91,10.2638,0.0,0.0,0.0,0.0,0.0,,
2008-04-03,1025838659.91,10.2638,0.0,0.0,0.0,0.0,0.0,,
2008-04-02,999722058.27,10.0025,0.0,0.0,0.0,0.0,0.0,,
2008-04-01,988788269.26,9.8931,0.0,0.0,0.0,0.0,0.0,,
2008-03-31,988788269.26,9.8931,0.0,0.0,0.0,0.0,0.0,,
2008-03-28,988788269.26,9.8931,0.0,0.0,0.0,0.0,0.0,,
2008-03-27,988788269.26,9.8931,0.0,0.0,0.0,0.0,0.0,,
2008-03-26,1036247071.93,10.368,0.0,0.0,0.0,0.0,0.0,,
2008-03-25,1036247071.93,10.368,0.0,0.0,0.0,0.0,0.0,,
2008-03-24,1036247071.93,10.368,0.0,0.0,0.0,0.0,0.0,,
2008-03-21,1036247071.93,10.368,0.0,0.0,0.0,0.0,0.0,,
2008-03-20,1036247071.93,10.368,0.0,0.0,0.0,0.0,0.0,,
2008-03-19,1036247071.93,10.368,0.0,0.0,0.0,0.0,0.0,,
2008-03-18,1026611238.67,10.2716,0.0,0.0,0.0,0.0,0.0,,
2008-03-17,1026611238.67,10.2716,0.0,0.0,0.0,0.0,0.0,,
2008-03-14,1026611238.67,10.2716,0.0,0.0,0.0,0.0,0.0,,
2008-03-13,1026611238.67,10.2716,0.0,0.0,0.0,0.0,0.0,,
2008-03-12,1026611238.67,10.2716,0.0,0.0,0.0,0.0,0.0,,
2008-03-11,1026611238.67,10.2716,0.0,0.0,0.0,0.0,0.0,,
2008-03-10,1030521643.33,10.3107,0.0,0.0,0.0,0.0,0.0,,
2008-03-07,1030521643.33,10.3107,0.0,0.0,0.0,0.0,0.0,,
2008-03-06,1030521643.33,10.3107,0.0,0.0,0.0,0.0,0.0,,
2008-03-05,1030521643.33,10.3107,0.0,0.0,0.0,0.0,0.0,,
2008-03-04,1030521643.33,10.3107,0.0,0.0,0.0,0.0,0.0,,
2008-03-03,1020940857.44,10.2148,0.0,10.2204,10.2148,0.0,0.0,,
2008-02-29,1020940857.44,10.2148,0.0,10.2204,10.2148,0.0,0.0,,
2008-02-28,1020940857.44,10.2148,0.0,10.2204,10.2148,0.0,0.0,,
2008-02-27,1020940857.44,10.2148,0.0,10.2204,10.2148,0.0,0.0,,
2008-02-26,1020940857.44,10.2148,0.0,10.2204,10.2148,0.0,0.0,,
2008-02-25,1020940857.44,10.2148,0.0,10.2204,10.2148,0.0,0.0,,
2008-02-22,1026711204.88,10.2726,0.0,10.2782,10.2726,0.0,0.0,,
2008-02-20,1010402642.49,10.1094,0.0,10.1149,10.1094,0.0,0.0,,
2008-02-19,1010402642.49,10.1094,0.0,10.1149,10.1094,0.0,0.0,,
2008-02-18,1010402642.49,10.1094,0.0,10.1149,10.1094,0.0,0.0,,
2008-02-15,1029635491.81,10.3018,0.0,10.3074,10.3018,0.0,0.0,,
2008-02-14,1029635491.81,10.3018,0.0,10.3074,10.3018,0.0,0.0,,
2008-02-13,1029635491.81,10.3018,0.0,10.3074,10.3018,0.0,0.0,,
2008-02-12,1029635491.81,10.3018,0.0,10.3074,10.3018,0.0,0.0,,
2008-02-11,1029635491.81,10.3018,0.0,10.3074,10.3018,0.0,0.0,,
2008-02-08,1029635491.81,10.3018,0.0,10.3074,10.3018,0.0,0.0,,
2008-02-07,1029635491.81,10.3018,0.0,10.3074,10.3018,0.0,0.0,,
2008-02-06,1026723294.51,10.2727,0.0,10.2783,10.2727,0.0,0.0,,
2008-02-05,1017742098.42,10.1828,0.0,10.1883,10.1828,0.0,0.0,,
2008-02-04,1017742098.42,10.1828,0.0,10.1883,10.1828,0.0,0.0,,
2008-02-01,1017742098.42,10.1828,0.0,10.1883,10.1828,0.0,0.0,,
2008-01-31,1017742098.42,10.1828,0.0,10.1883,10.1828,0.0,0.0,,
2008-01-30,1017742098.42,10.1828,0.0,10.1883,10.1828,0.0,0.0,,
2008-01-29,1017175696.76,10.1772,0.0,10.1827,10.1772,0.0,0.0,,
2008-01-28,1017175696.76,10.1772,0.0,10.1827,10.1772,0.0,0.0,,
2008-01-25,1017175696.76,10.1772,0.0,10.1827,10.1772,0.0,0.0,,
2008-01-24,1017175696.76,10.1772,0.0,10.1827,10.1772,0.0,0.0,,
2008-01-23,1017175696.76,10.1772,0.0,10.1827,10.1772,0.0,0.0,,
2008-01-22,1007178259.69,10.0771,0.0,10.0826,10.0771,0.0,0.0,,
2008-01-21,1007178259.69,10.0771,0.0,10.0826,10.0771,0.0,0.0,,
2008-01-18,1015086790.11,10.1563,0.0,10.1618,10.1563,0.0,0.0,,
2008-01-17,1015086790.11,10.1563,0.0,10.1618,10.1563,0.0,0.0,,
2008-01-16,1015086790.11,10.1563,0.0,10.1618,10.1563,0.0,0.0,,
2008-01-15,1015086790.11,10.1563,0.0,10.1618,10.1563,0.0,0.0,,
2008-01-14,1015086790.11,10.1563,0.0,10.1618,10.1563,0.0,0.0,,
2008-01-11,1015086790.11,10.1563,0.0,10.1618,10.1563,0.0,0.0,,
2008-01-10,1015086790.11,10.1563,0.0,10.1618,10.1563,0.0,0.0,,
2008-01-09,1015086790.11,10.1563,0.0,10.1618,10.1563,0.0,0.0,,
2008-01-08,1007610040.23,10.0814,0.0,10.0869,10.0814,0.0,0.0,,
2008-01-07,1007610040.23,10.0814,0.0,10.0869,10.0814,0.0,0.0,,
2008-01-04,1007610040.23,10.0814,0.0,10.0869,10.0814,0.0,0.0,,
2008-01-03,980545608.62,9.8107,0.0,9.816,9.8107,0.0,0.0,,
2008-01-02,980545608.62,9.8107,0.0,9.816,9.8107,0.0,0.0,,
2007-12-28,980545608.62,9.8107,0.0,9.816,9.8107,0.0,0.0,,
2007-12-27,980545608.62,9.8107,0.0,9.816,9.8107,0.0,0.0,,
2007-12-26,995841277.19,9.9637,0.0,9.9691,9.9637,0.0,0.0,,
2007-12-25,995841277.19,9.9637,0.0,9.9691,9.9637,0.0,0.0,,
2007-12-21,995841277.19,9.9637,0.0,9.9691,9.9637,0.0,0.0,,
2007-12-20,995841277.19,9.9637,0.0,9.9691,9.9637,0.0,0.0,,
2007-12-19,995841277.19,9.9637,0.0,9.9691,9.9637,0.0,0.0,,
2007-12-18,1002405217.47,10.0294,0.0,10.0349,10.0294,0.0,0.0,,
2007-12-17,1002405217.47,10.0294,0.0,10.0349,10.0294,0.0,0.0,,
2007-12-14,995841277.19,9.9637,0.0,9.9691,9.9637,0.0,0.0,,
2007-12-13,1002405217.47,10.0294,0.0,10.0349,10.0294,0.0,0.0,,
2007-12-12,1015440882.51,10.1598,0.0,10.1653,10.1598,0.0,0.0,,
2007-12-11,1015440882.51,10.1598,0.0,10.1653,10.1598,0.0,0.0,,
2007-12-07,1015440882.51,10.1598,0.0,10.1653,10.1598,0.0,0.0,,
2007-12-04,1028236483.23,10.2878,0.0,10.2934,10.2878,0.0,0.0,,
2007-12-03,1028236483.23,10.2878,0.0,10.2934,10.2878,0.0,0.0,,
2007-11-29,1028236483.23,10.2878,0.0,10.2934,10.2878,0.0,0.0,,
2007-11-28,1028236483.23,10.2878,0.0,10.2934,10.2878,0.0,0.0,,
2007-11-27,1012327136.56,10.1286,0.0,10.1341,10.1286,0.0,0.0,,
2007-11-26,1012327136.56,10.1286,0.0,10.1341,10.1286,0.0,0.0,,
2007-11-23,1012327136.56,10.1286,0.0,10.1341,10.1286,0.0,0.0,,
2007-11-22,1012327136.56,10.1286,0.0,10.1341,10.1286,0.0,0.0,,
2007-11-21,1012327136.56,10.1286,0.0,10.1341,10.1286,0.0,0.0,,
2007-11-20,1012327136.56,10.1286,0.0,10.1341,10.1286,0.0,0.0,,
2007-11-19,1020264665.76,10.2081,0.0,10.2137,10.2081,0.0,0.0,,
2007-11-16,1020264665.76,10.2081,0.0,10.2137,10.2081,0.0,0.0,,
2007-11-15,1020264665.76,10.2081,0.0,10.2137,10.2081,0.0,0.0,,
2007-11-14,1020264665.76,10.2081,0.0,10.2137,10.2081,0.0,0.0,,
2007-11-13,1020264665.76,10.2081,0.0,10.2137,10.2081,0.0,0.0,,
2007-11-12,1006337185.52,10.0687,0.0,10.0742,10.0687,0.0,0.0,,
2007-11-09,1006337185.52,10.0687,0.0,10.0742,10.0687,0.0,0.0,,
2007-11-08,1006337185.52,10.0687,0.0,10.0742,10.0687,0.0,0.0,,
2007-11-07,1006337185.52,10.0687,0.0,10.0742,10.0687,0.0,0.0,,
2007-11-06,1006337185.52,10.0687,0.0,10.0742,10.0687,0.0,0.0,,
2007-11-05,1001315205.21,10.0185,0.0,10.024,10.0185,0.0,0.0,,
2007-11-02,1010600885.81,10.1114,0.0,10.1169,10.1114,0.0,0.0,,
2007-11-01,1010600885.81,10.1114,0.0,10.1169,10.1114,0.0,0.0,,
2007-10-31,1010600885.81,10.1114,0.0,10.1169,10.1114,0.0,0.0,,
2007-10-30,1010600885.81,10.1114,0.0,10.1169,10.1114,0.0,0.0,,
2007-10-29,988603229.29,9.8913,0.0,9.8967,9.8913,0.0,0.0,,
2007-10-26,988603229.29,9.8913,0.0,9.8967,9.8913,0.0,0.0,,
2007-10-25,988603229.29,9.8913,0.0,9.8967,9.8913,0.0,0.0,,
2007-10-24,988603229.29,9.8913,0.0,9.8967,9.8913,0.0,0.0,,
2007-10-22,988603229.29,9.8913,0.0,9.8967,9.8913,0.0,0.0,,
2007-10-19,988603229.29,9.8913,0.0,9.8967,9.8913,0.0,0.0,,
2007-10-18,988603229.29,9.8913,0.0,9.8967,9.8913,0.0,0.0,,
2007-10-17,988603229.29,9.8913,0.0,9.8967,9.8913,0.0,0.0,,
2007-10-16,992664522.27,9.9319,0.0,9.9373,9.9319,0.0,0.0,,
2007-10-15,992664522.27,9.9319,0.0,9.9373,9.9319,0.0,0.0,,
2007-10-12,992664522.27,9.9319,0.0,9.9373,9.9319,0.0,0.0,,
2007-10-11,994524712.35,9.9505,0.0,9.9559,9.9505,0.0,0.0,,
2007-10-10,994524712.35,9.9505,0.0,9.9559,9.9505,0.0,0.0,,
2007-10-09,994524712.35,9.9505,0.0,9.9559,9.9505,0.0,0.0,,
2007-10-08,994524712.35,9.9505,0.0,9.9559,9.9505,0.0,0.0,,
2007-10-05,994524712.35,9.9505,0.0,9.9559,9.9505,0.0,0.0,,
2007-10-04,994524712.35,9.9505,0.0,9.9559,9.9505,0.0,0.0,,
2007-10-03,994524712.35,9.9505,0.0,9.9559,9.9505,0.0,0.0,,
2007-10-02,994032716.93,9.9456,0.0,9.951,9.9456,0.0,0.0,,
2007-10-01,994032716.93,9.9456,0.0,9.951,9.9456,0.0,0.0,,
2007-09-28,994032716.93,9.9456,0.0,9.951,9.9456,0.0,0.0,,
2007-09-27,994032716.93,9.9456,0.0,9.951,9.9456,0.0,0.0,,
2007-09-25,1002279884.61,10.0281,0.0,10.0336,10.0281,0.0,0.0,,
2007-09-24,1002279884.61,10.0281,0.0,10.0336,10.0281,0.0,0.0,,
2007-09-21,1002279884.61,10.0281,0.0,10.0336,10.0281,0.0,0.0,,
2007-09-20,1002279884.61,10.0281,0.0,10.0336,10.0281,0.0,0.0,,
2007-09-19,1002279884.61,10.0281,0.0,10.0336,10.0281,0.0,0.0,,
2007-09-18,1002279884.61,10.0281,0.0,10.0336,10.0281,0.0,0.0,,
2007-09-17,1002279884.61,10.0281,0.0,10.0336,10.0281,0.0,0.0,,
2007-09-14,1002483339.94,10.0302,0.0,10.0357,10.0302,0.0,0.0,,
2007-09-13,1002483339.94,10.0302,0.0,10.0357,10.0302,0.0,0.0,,
2007-09-11,1002483339.94,10.0302,0.0,10.0357,10.0302,0.0,0.0,,
2007-09-10,1001169057.05,10.017,0.0,10.0225,10.017,0.0,0.0,,
2007-09-07,995663479.47,9.9619,0.0,9.9673,9.9619,0.0,0.0,,
2007-09-06,995663479.47,9.9619,0.0,9.9673,9.9619,0.0,0.0,,
2007-09-05,995663479.47,9.9619,0.0,9.9673,9.9619,0.0,0.0,,
2007-09-04,993316521.82,9.9384,0.0,9.9438,9.9384,0.0,0.0,,
2007-09-03,993316521.82,9.9384,0.0,9.9438,9.9384,0.0,0.0,,
2007-08-31,993316521.82,9.9384,0.0,9.9438,9.9384,0.0,0.0,,
2007-08-30,993316521.82,9.9384,0.0,9.9438,9.9384,0.0,0.0,,
2007-08-29,993549978.2,9.9408,0.0,9.9462,9.9408,0.0,0.0,,
2007-08-28,993549978.2,9.9408,0.0,9.9462,9.9408,0.0,0.0,,
2007-08-27,993549978.2,9.9408,0.0,9.9462,9.9408,0.0,0.0,,
2007-08-24,993549978.2,9.9408,0.0,9.9462,9.9408,0.0,0.0,,
2007-08-23,993549978.2,9.9408,0.0,9.9462,9.9408,0.0,0.0,,
2007-08-22,993549978.2,9.9408,0.0,9.9462,9.9408,0.0,0.0,,
2007-08-21,987050123.97,9.8757,0.0,9.8811,9.8757,0.0,0.0,,
2007-08-20,987050123.97,9.8757,0.0,9.8811,9.8757,0.0,0.0,,
2007-08-17,987050123.97,9.8757,0.0,9.8811,9.8757,0.0,0.0,,
2007-08-16,987050123.97,9.8757,0.0,9.8811,9.8757,0.0,0.0,,
2007-08-15,991199086.77,9.9172,0.0,9.9226,9.9172,0.0,0.0,,
2007-08-14,991199086.77,9.9172,0.0,9.9226,9.9172,0.0,0.0,,
2007-08-10,991199086.77,9.9172,0.0,9.9226,9.9172,0.0,0.0,,
2007-08-09,991199086.77,9.9172,0.0,9.9226,9.9172,0.0,0.0,,
2007-08-08,991199086.77,9.9172,0.0,9.9226,9.9172,0.0,0.0,,
2007-08-07,991199086.77,9.9172,0.0,9.9226,9.9172,0.0,0.0,,
2007-08-06,991199086.77,9.9172,0.0,9.9226,9.9172,0.0,0.0,,
2007-08-02,989205902.6,9.8973,0.0,9.9027,9.8973,0.0,0.0,,
2007-08-01,989205902.6,9.8973,0.0,9.9027,9.8973,0.0,0.0,,
2007-07-31,982495803.9,9.8302,0.0,9.8356,9.8302,0.0,0.0,,
2007-07-27,982495803.9,9.8302,0.0,9.8356,9.8302,0.0,0.0,,
2007-07-26,982495803.9,9.8302,0.0,9.8356,9.8302,0.0,0.0,,
2007-07-25,970243778.44,9.7076,0.0,9.7129,9.7076,0.0,0.0,,
2007-07-24,970243778.44,9.7076,0.0,9.7129,9.7076,0.0,0.0,,
2007-07-23,970243778.44,9.7076,0.0,9.7129,9.7076,0.0,0.0,,
2007-07-20,970243778.44,9.7076,0.0,9.7129,9.7076,0.0,0.0,,
2007-07-19,970243778.44,9.7076,0.0,9.7129,9.7076,0.0,0.0,,
2007-07-18,970243778.44,9.7076,0.0,9.7129,9.7076,0.0,0.0,,
2007-07-17,970243778.44,9.7076,0.0,9.7129,9.7076,0.0,0.0,,
2007-07-16,970678117.63,9.7119,0.0,9.7172,9.7119,0.0,0.0,,
2007-07-13,970678117.63,9.7119,0.0,9.7172,9.7119,0.0,0.0,,
2007-07-12,970678117.63,9.7119,0.0,9.7172,9.7119,0.0,0.0,,
2007-07-11,970678117.63,9.7119,0.0,9.7172,9.7119,0.0,0.0,,
2007-07-10,970678117.63,9.7119,0.0,9.7172,9.7119,0.0,0.0,,
2007-07-09,976816816.61,9.7733,0.0,9.7786,9.7733,0.0,0.0,,
2007-07-06,976816816.61,9.7733,0.0,9.7786,9.7733,0.0,0.0,,
2007-07-05,976816816.61,9.7733,0.0,9.7786,9.7733,0.0,0.0,,
2007-07-04,976816816.61,9.7733,0.0,9.7786,9.7733,0.0,0.0,,
2007-07-03,976816816.61,9.7733,0.0,9.7786,9.7733,0.0,0.0,,
2007-07-02,972758165.1,9.7327,0.0,9.738,9.7327,0.0,0.0,,
2007-06-29,972758165.1,9.7327,0.0,9.738,9.7327,0.0,0.0,,
2007-06-28,972758165.1,9.7327,0.0,9.738,9.7327,0.0,0.0,,
2007-06-27,970606515.41,9.7112,0.0,9.7165,9.7112,0.0,0.0,,
2007-06-26,970606515.41,9.7112,0.0,9.7165,9.7112,0.0,0.0,,
2007-06-25,970606515.41,9.7112,0.0,9.7165,9.7112,0.0,0.0,,
2007-06-22,970606515.41,9.7112,0.0,9.7165,9.7112,0.0,0.0,,
2007-06-21,970606515.41,9.7112,0.0,9.7165,9.7112,0.0,0.0,,
2007-06-20,970606515.41,9.7112,0.0,9.7165,9.7112,0.0,0.0,,
2007-06-19,970606515.41,9.7112,0.0,9.7165,9.7112,0.0,0.0,,
2007-06-18,970606515.41,9.7112,0.0,9.7165,9.7112,0.0,0.0,,
2007-06-15,972517019.17,9.7303,0.0,9.7356,9.7303,0.0,0.0,,
2007-06-14,972517019.17,9.7303,0.0,9.7356,9.7303,0.0,0.0,,
2007-06-13,972517019.17,9.7303,0.0,9.7356,9.7303,0.0,0.0,,
2007-06-12,972517019.17,9.7303,0.0,9.7356,9.7303,0.0,0.0,,
2007-06-11,978737720.3,9.7926,0.0,9.7979,9.7926,0.0,0.0,,
2007-06-08,978737720.3,9.7926,0.0,9.7979,9.7926,0.0,0.0,,
2007-06-06,978737720.3,9.7926,0.0,9.7979,9.7926,0.0,0.0,,
2007-06-05,981315469.94,9.8184,0.0,9.8238,9.8184,0.0,0.0,,
2007-06-04,981315469.94,9.8184,0.0,9.8238,9.8184,0.0,0.0,,
2007-06-01,981315469.94,9.8184,0.0,9.8238,9.8184,0.0,0.0,,
2007-05-30,981315469.94,9.8184,0.0,9.8238,9.8184,0.0,0.0,,
2007-05-28,985186850.82,9.8571,0.0,9.8625,9.8571,0.0,0.0,,
2007-05-25,985186850.82,9.8571,0.0,9.8625,9.8571,0.0,0.0,,
2007-05-24,985186850.82,9.8571,0.0,9.8625,9.8571,0.0,0.0,,
2007-05-23,985186850.82,9.8571,0.0,9.8625,9.8571,0.0,0.0,,
2007-05-22,985186850.82,9.8571,0.0,9.8625,9.8571,0.0,0.0,,
2007-05-21,985186850.82,9.8571,0.0,9.8625,9.8571,0.0,0.0,,
2007-05-18,989062955.26,9.8959,0.0,9.9013,9.8959,0.0,0.0,,
2007-05-17,989062955.26,9.8959,0.0,9.9013,9.8959,0.0,0.0,,
2007-05-16,989062955.26,9.8959,0.0,9.9013,9.8959,0.0,0.0,,
2007-05-15,989062955.26,9.8959,0.0,9.9013,9.8959,0.0,0.0,,
2007-05-14,989062955.26,9.8959,0.0,9.9013,9.8959,0.0,0.0,,
2007-05-11,990468851.17,9.9099,0.0,9.9153,9.9099,0.0,0.0,,
2007-05-10,990468851.17,9.9099,0.0,9.9153,9.9099,0.0,0.0,,
2007-05-09,990468851.17,9.9099,0.0,9.9153,9.9099,0.0,0.0,,
2007-05-08,968421288.7,9.6893,0.0,9.6946,9.6893,0.0,0.0,,
2007-05-04,988755707.49,9.8928,0.0,9.8982,9.8928,0.0,0.0,,
2007-05-03,988755707.49,9.8928,0.0,9.8982,9.8928,0.0,0.0,,
2007-05-02,988132469.95,9.8866,0.0,9.892,9.8866,0.0,0.0,,
2007-04-30,988132469.95,9.8866,0.0,9.892,9.8866,0.0,0.0,,
2007-04-26,988132469.95,9.8866,0.0,9.892,9.8866,0.0,0.0,,
2007-04-25,988149149.41,9.8867,0.0,9.8921,9.8867,0.0,0.0,,
2007-04-24,988149149.41,9.8867,0.0,9.8921,9.8867,0.0,0.0,,
2007-04-19,988242704.92,9.8877,0.0,9.8931,9.8877,0.0,0.0,,
2007-04-18,988242704.92,9.8877,0.0,9.8931,9.8877,0.0,0.0,,
2007-04-17,990512728.24,9.9104,0.0,9.9158,9.9104,0.0,0.0,,
2007-04-12,990512728.24,9.9104,0.0,9.9158,9.9104,0.0,0.0,,
2007-04-11,990512728.24,9.9104,0.0,9.9158,9.9104,0.0,0.0,,
2007-04-10,990512728.24,9.9104,0.0,9.9158,9.9104,0.0,0.0,,
2007-04-09,992178347.94,9.927,0.0,9.9324,9.927,0.0,0.0,,
2007-04-05,992178347.94,9.927,0.0,9.9324,9.927,0.0,0.0,,
2007-04-04,992178347.94,9.927,0.0,9.9324,9.927,0.0,0.0,,
2007-04-03,992178347.94,9.927,0.0,9.9324,9.927,0.0,0.0,,
2007-04-02,992178347.94,9.927,0.0,9.9324,9.927,0.0,0.0,,
2007-03-30,992323191.04,9.9285,0.0,9.9339,9.9285,0.0,0.0,,
2007-03-29,992323191.04,9.9285,0.0,9.9339,9.9285,0.0,0.0,,
2007-03-28,992323191.04,9.9285,0.0,9.9339,9.9285,0.0,0.0,,
2007-03-27,992323191.04,9.9285,0.0,9.9339,9.9285,0.0,0.0,,
2007-03-26,997291606.74,9.9782,0.0,9.9836,9.9782,0.0,0.0,,
2007-03-23,997291606.74,9.9782,0.0,9.9836,9.9782,0.0,0.0,,
2007-03-22,997291606.74,9.9782,0.0,9.9836,9.9782,0.0,0.0,,
2007-03-21,997291606.74,9.9782,0.0,9.9836,9.9782,0.0,0.0,,
2007-03-20,997291606.74,9.9782,0.0,9.9836,9.9782,0.0,0.0,,
2007-03-19,996097121.22,9.9663,0.0,9.9717,9.9663,0.0,0.0,,
2007-03-16,996097121.22,9.9663,0.0,9.9717,9.9663,0.0,0.0,,
2007-03-15,996097121.22,9.9663,0.0,9.9717,9.9663,0.0,0.0,,
2007-03-14,996097121.22,9.9663,0.0,9.9717,9.9663,0.0,0.0,,
2007-03-13,996277833.11,9.9681,0.0,9.9735,9.9681,0.0,0.0,,
2007-03-12,996277833.11,9.9681,0.0,9.9735,9.9681,0.0,0.0,,
2007-03-09,996277833.11,9.9681,0.0,9.9735,9.9681,0.0,0.0,,
2007-03-08,996277833.11,9.9681,0.0,9.9735,9.9681,0.0,0.0,,
2007-03-07,996277833.11,9.9681,0.0,9.9735,9.9681,0.0,0.0,,
2007-03-06,995392555.78,9.9592,0.0,9.9646,9.9592,0.0,0.0,,
2007-03-02,993508652.09,9.9404,0.0,9.9458,9.9404,0.0,0.0,,
2007-03-01,993508652.09,9.9404,0.0,9.9458,9.9404,0.0,0.0,,
2007-02-28,993508652.09,9.9404,0.0,9.9458,9.9404,0.0,0.0,,
2007-02-27,993212001.15,9.9374,0.0,9.9428,9.9374,0.0,0.0,,
2007-02-26,993212001.15,9.9374,0.0,9.9428,9.9374,0.0,0.0,,
2007-02-23,993212001.15,9.9374,0.0,9.9428,9.9374,0.0,0.0,,
2007-02-22,993212001.15,9.9374,0.0,9.9428,9.9374,0.0,0.0,,
2007-02-20,993212001.15,9.9374,0.0,9.9428,9.9374,0.0,0.0,,
2007-02-19,990304083.89,9.9083,0.0,9.9137,9.9083,0.0,0.0,,
2007-02-16,990304083.89,9.9083,0.0,9.9137,9.9083,0.0,0.0,,
2007-02-15,990304083.89,9.9083,0.0,9.9137,9.9083,0.0,0.0,,
2007-02-14,990304083.89,9.9083,0.0,9.9137,9.9083,0.0,0.0,,
2007-02-13,990304083.89,9.9083,0.0,9.9137,9.9083,0.0,0.0,,
2007-02-12,990877537.91,9.914,0.0,9.9194,9.914,0.0,0.0,,
2007-02-09,990877537.91,9.914,0.0,9.9194,9.914,0.0,0.0,,
2007-02-08,990877537.91,9.914,0.0,9.9194,9.914,0.0,0.0,,
2007-02-07,990877537.91,9.914,0.0,9.9194,9.914,0.0,0.0,,
2007-02-06,990877537.91,9.914,0.0,9.9194,9.914,0.0,0.0,,
2007-02-05,990877537.91,9.914,0.0,9.9194,9.914,0.0,0.0,,
2007-02-02,989084606.89,9.8961,0.0,9.9015,9.8961,0.0,0.0,,
2007-02-01,989084606.89,9.8961,0.0,9.9015,9.8961,0.0,0.0,,
2007-01-31,989084606.89,9.8961,0.0,9.9015,9.8961,0.0,0.0,,
2007-01-30,989084606.89,9.8961,0.0,9.9015,9.8961,0.0,0.0,,
2007-01-29,989084606.89,9.8961,0.0,9.9015,9.8961,0.0,0.0,,
2007-01-25,992802566.38,9.9333,0.0,9.9387,9.9333,0.0,0.0,,
2007-01-24,992802566.38,9.9333,0.0,9.9387,9.9333,0.0,0.0,,
2007-01-23,991992522.19,9.9252,0.0,9.9306,9.9252,0.0,0.0,,
2007-01-22,991992522.19,9.9252,0.0,9.9306,9.9252,0.0,0.0,,
2007-01-19,991992522.19,9.9252,0.0,9.9306,9.9252,0.0,0.0,,
2007-01-18,991992522.19,9.9252,0.0,9.9306,9.9252,0.0,0.0,,
2007-01-17,991992522.19,9.9252,0.0,9.9306,9.9252,0.0,0.0,,
2007-01-16,995910224.14,9.9644,0.0,9.9698,9.9644,0.0,0.0,,
2007-01-15,995910224.14,9.9644,0.0,9.9698,9.9644,0.0,0.0,,
2007-01-12,995910224.14,9.9644,0.0,9.9698,9.9644,0.0,0.0,,
2007-01-11,995910224.14,9.9644,0.0,9.9698,9.9644,0.0,0.0,,
2007-01-10,995910224.14,9.9644,0.0,9.9698,9.9644,0.0,0.0,,
2007-01-09,998229540.47,9.9876,0.0,9.993,9.9876,0.0,0.0,,
2007-01-08,998229540.47,9.9876,0.0,9.993,9.9876,0.0,0.0,,
2007-01-04,998229540.47,9.9876,0.0,9.993,9.9876,0.0,0.0,,
2007-01-03,1004481693.94,10.0501,0.0,10.0556,10.0501,0.0,0.0,,
2006-12-29,1004481693.94,10.0501,0.0,10.0556,10.0501,0.0,0.0,,
2006-12-28,1004481693.94,10.0501,0.0,10.0556,10.0501,0.0,0.0,,
2006-12-27,1004481693.94,10.0501,0.0,10.0556,10.0501,0.0,0.0,,
2006-12-26,1004481693.94,10.0501,0.0,10.0556,10.0501,0.0,0.0,,
2006-12-25,1004481693.94,10.0501,0.0,10.0556,10.0501,0.0,0.0,,
2006-12-22,987106618.67,9.8763,0.0,9.8817,9.8763,0.0,0.0,,
2006-12-21,987106618.67,9.8763,0.0,9.8817,9.8763,0.0,0.0,,
2006-12-20,987106618.67,9.8763,0.0,9.8817,9.8763,0.0,0.0,,
2006-12-19,987106618.67,9.8763,0.0,9.8817,9.8763,0.0,0.0,,
2006-12-18,995631947.77,9.9616,0.0,9.967,9.9616,0.0,0.0,,
2006-12-15,995631947.77,9.9616,0.0,9.967,9.9616,0.0,0.0,,
2006-12-14,995631947.77,9.9616,0.0,9.967,9.9616,0.0,0.0,,
2006-12-13,995631947.77,9.9616,0.0,9.967,9.9616,0.0,0.0,,
2006-12-12,995631947.77,9.9616,0.0,9.967,9.9616,0.0,0.0,,
2006-12-08,1002334917.27,10.0287,0.0,10.0342,10.0287,0.0,0.0,,
2006-12-07,1002334917.27,10.0287,0.0,10.0342,10.0287,0.0,0.0,,
2006-12-06,1009237617.6,10.0977,0.0,10.1032,10.0977,0.0,0.0,,
2006-12-04,1009237617.6,10.0977,0.0,10.1032,10.0977,0.0,0.0,,
2006-12-01,1009237617.6,10.0977,0.0,10.1032,10.0977,0.0,0.0,,
2006-11-30,1009237617.6,10.0977,0.0,10.1032,10.0977,0.0,0.0,,
2006-11-29,1009237617.6,10.0977,0.0,10.1032,10.0977,0.0,0.0,,
2006-11-28,1009237617.6,10.0977,0.0,10.1032,10.0977,0.0,0.0,,
2006-11-27,1007069068.05,10.076,0.0,10.0815,10.076,0.0,0.0,,
2006-11-24,1007069068.05,10.076,0.0,10.0815,10.076,0.0,0.0,,
2006-11-23,1007069068.05,10.076,0.0,10.0815,10.076,0.0,0.0,,
2006-11-22,1007069068.05,10.076,0.0,10.0815,10.076,0.0,0.0,,
2006-11-21,1007069068.05,10.076,0.0,10.0815,10.076,0.0,0.0,,
2006-11-20,1007069068.05,10.076,0.0,10.0815,10.076,0.0,0.0,,
2006-11-17,1009046503.75,10.0958,0.0,10.1013,10.0958,0.0,0.0,,
2006-11-16,1009046503.75,10.0958,0.0,10.1013,10.0958,0.0,0.0,,
2006-11-15,1009046503.75,10.0958,0.0,10.1013,10.0958,0.0,0.0,,
2006-11-14,1008886168.94,10.0942,0.0,10.0997,10.0942,0.0,0.0,,
2006-11-13,1005260511.02,10.0579,0.0,10.0634,10.0579,0.0,0.0,,
2006-11-10,1005260511.02,10.0579,0.0,10.0634,10.0579,0.0,0.0,,
2006-11-09,1005260511.02,10.0579,0.0,10.0634,10.0579,0.0,0.0,,
2006-11-08,1005260511.02,10.0579,0.0,10.0634,10.0579,0.0,0.0,,
2006-11-07,1005260511.02,10.0579,0.0,10.0634,10.0579,0.0,0.0,,
2006-11-06,1005260511.02,10.0579,0.0,10.0634,10.0579,0.0,0.0,,
2006-11-03,1007768846.91,10.083,0.0,10.0885,10.083,0.0,0.0,,
2006-11-02,1007768846.91,10.083,0.0,10.0885,10.083,0.0,0.0,,
2006-11-01,1007768846.91,10.083,0.0,10.0885,10.083,0.0,0.0,,
2006-10-30,1011443488.65,10.1198,0.0,10.1253,10.1198,0.0,0.0,,
2006-10-27,1011443488.65,10.1198,0.0,10.1253,10.1198,0.0,0.0,,
2006-10-26,1011443488.65,10.1198,0.0,10.1253,10.1198,0.0,0.0,,
2006-10-25,1011443488.65,10.1198,0.0,10.1253,10.1198,0.0,0.0,,
2006-10-24,1014659160.54,10.152,0.0,10.1575,10.152,0.0,0.0,,
2006-10-20,1021434094.52,10.2198,0.0,10.2254,10.2198,0.0,0.0,,
2006-10-19,1021434094.52,10.2198,0.0,10.2254,10.2198,0.0,0.0,,
2006-10-18,1021434094.52,10.2198,0.0,10.2254,10.2198,0.0,0.0,,
2006-10-17,1021434094.52,10.2198,0.0,10.2254,10.2198,0.0,0.0,,
2006-10-16,1021434094.52,10.2198,0.0,10.2254,10.2198,0.0,0.0,,
2006-10-13,1021434094.52,10.2198,0.0,10.2254,10.2198,0.0,0.0,,
2006-10-12,1017133036.44,10.1767,0.0,10.1822,10.1767,0.0,0.0,,
2006-10-11,1017133036.44,10.1767,0.0,10.1822,10.1767,0.0,0.0,,
2006-10-10,1017133036.44,10.1767,0.0,10.1822,10.1767,0.0,0.0,,
2006-10-09,1017133036.44,10.1767,0.0,10.1822,10.1767,0.0,0.0,,
2006-10-06,1017133036.44,10.1767,0.0,10.1822,10.1767,0.0,0.0,,
2006-10-05,1017133036.44,10.1767,0.0,10.1822,10.1767,0.0,0.0,,
2006-10-04,1017133036.44,10.1767,0.0,10.1822,10.1767,0.0,0.0,,
2006-10-03,1017133036.44,10.1767,0.0,10.1822,10.1767,0.0,0.0,,
2006-10-02,1017133036.44,10.1767,0.0,10.1822,10.1767,0.0,0.0,,
2006-09-29,1018164970.94,10.1871,0.0,10.1927,10.1871,0.0,0.0,,
2006-09-28,1018164970.94,10.1871,0.0,10.1927,10.1871,0.0,0.0,,
2006-09-27,1018164970.94,10.1871,0.0,10.1927,10.1871,0.0,0.0,,
2006-09-26,1018164970.94,10.1871,0.0,10.1927,10.1871,0.0,0.0,,
2006-09-25,1006449800.6,10.0698,0.0,10.0753,10.0698,0.0,0.0,,
2006-09-22,1006449800.6,10.0698,0.0,10.0753,10.0698,0.0,0.0,,
2006-09-21,1006449800.6,10.0698,0.0,10.0753,10.0698,0.0,0.0,,
2006-09-19,1006449800.6,10.0698,0.0,10.0753,10.0698,0.0,0.0,,
2006-09-18,1006449800.6,10.0698,0.0,10.0753,10.0698,0.0,0.0,,
2006-09-15,1007631230.02,10.0817,0.0,10.0872,10.0817,0.0,0.0,,
2006-09-14,1007631230.02,10.0817,0.0,10.0872,10.0817,0.0,0.0,,
2006-09-13,1007631230.02,10.0817,0.0,10.0872,10.0817,0.0,0.0,,
2006-09-12,1007631230.02,10.0817,0.0,10.0872,10.0817,0.0,0.0,,
2006-09-11,1007631230.02,10.0817,0.0,10.0872,10.0817,0.0,0.0,,
2006-09-08,1014033948.05,10.1457,0.0,10.1512,10.1457,0.0,0.0,,
2006-09-07,1014033948.05,10.1457,0.0,10.1512,10.1457,0.0,0.0,,
2006-09-06,1014033948.05,10.1457,0.0,10.1512,10.1457,0.0,0.0,,
2006-09-05,1014033948.05,10.1457,0.0,10.1512,10.1457,0.0,0.0,,
2006-09-04,1014033948.05,10.1457,0.0,10.1512,10.1457,0.0,0.0,,
2006-09-01,1015040600.8,10.1558,0.0,10.1613,10.1558,0.0,0.0,,
2006-08-31,1015040600.8,10.1558,0.0,10.1613,10.1558,0.0,0.0,,
2006-08-30,1015040600.8,10.1558,0.0,10.1613,10.1558,0.0,0.0,,
2006-08-29,1015040600.8,10.1558,0.0,10.1613,10.1558,0.0,0.0,,
2006-08-28,1015040600.8,10.1558,0.0,10.1613,10.1558,0.0,0.0,,
2006-08-25,1010393434.04,10.1093,0.0,10.1148,10.1093,0.0,0.0,,
2006-08-24,1010393434.04,10.1093,0.0,10.1148,10.1093,0.0,0.0,,
2006-08-23,1010393434.04,10.1093,0.0,10.1148,10.1093,0.0,0.0,,
2006-08-22,1010393434.04,10.1093,0.0,10.1148,10.1093,0.0,0.0,,
2006-08-21,999075355.18,9.9961,0.0,10.0015,9.9961,0.0,0.0,,
2006-08-18,999075355.18,9.9961,0.0,10.0015,9.9961,0.0,0.0,,
2006-08-17,999075355.18,9.9961,0.0,10.0015,9.9961,0.0,0.0,,
2006-08-16,1013563297.8,10.141,0.0,10.1465,10.141,0.0,0.0,,
2006-08-15,1013563297.8,10.141,0.0,10.1465,10.141,0.0,0.0,,
2006-08-11,1013563297.8,10.141,0.0,10.1465,10.141,0.0,0.0,,
2006-08-10,1013563297.8,10.141,0.0,10.1465,10.141,0.0,0.0,,
2006-08-09,1013563297.8,10.141,0.0,10.1465,10.141,0.0,0.0,,
2006-08-08,1013563297.8,10.141,0.0,10.1465,10.141,0.0,0.0,,
2006-08-07,1013563297.8,10.141,0.0,10.1465,10.141,0.0,0.0,,
2006-08-04,1010869356.92,10.1141,0.0,10.1196,10.1141,0.0,0.0,,
2006-08-03,1010869356.92,10.1141,0.0,10.1196,10.1141,0.0,0.0,,
2006-08-02,1010869356.92,10.1141,0.0,10.1196,10.1141,0.0,0.0,,
2006-08-01,1010869356.92,10.1141,0.0,10.1196,10.1141,0.0,0.0,,
2006-07-31,1010869356.92,10.1141,0.0,10.1196,10.1141,0.0,0.0,,
2006-07-28,1013020431.98,10.1356,0.0,10.1411,10.1356,0.0,0.0,,
2006-07-27,1013020431.98,10.1356,0.0,10.1411,10.1356,0.0,0.0,,
2006-07-26,1013020431.98,10.1356,0.0,10.1411,10.1356,0.0,0.0,,
2006-07-25,1011537473.52,10.1207,0.0,10.1262,10.1207,0.0,0.0,,
2006-07-24,1011537473.52,10.1207,0.0,10.1262,10.1207,0.0,0.0,,
2006-07-21,1011537473.52,10.1207,0.0,10.1262,10.1207,0.0,0.0,,
2006-07-20,1011537473.52,10.1207,0.0,10.1262,10.1207,0.0,0.0,,
2006-07-19,1011537473.52,10.1207,0.0,10.1262,10.1207,0.0,0.0,,
2006-07-18,1011537473.52,10.1207,0.0,10.1262,10.1207,0.0,0.0,,
2006-07-17,1010707879.16,10.1124,0.0,10.1179,10.1124,0.0,0.0,,
2006-07-14,1010707879.16,10.1124,0.0,10.1179,10.1124,0.0,0.0,,
2006-07-13,1010707879.16,10.1124,0.0,10.1179,10.1124,0.0,0.0,,
2006-07-12,1013260258.58,10.138,0.0,10.1435,10.138,0.0,0.0,,
2006-07-10,1013260258.58,10.138,0.0,10.1435,10.138,0.0,0.0,,
2006-07-07,1013260258.58,10.138,0.0,10.1435,10.138,0.0,0.0,,
2006-07-06,1013260258.58,10.138,0.0,10.1435,10.138,0.0,0.0,,
2006-07-05,1013260258.58,10.138,0.0,10.1435,10.138,0.0,0.0,,
2006-07-04,1013260258.58,10.138,0.0,10.1435,10.138,0.0,0.0,,
2006-07-03,1013260258.58,10.138,0.0,10.1435,10.138,0.0,0.0,,
2006-06-30,1011078863.62,10.1162,0.0,10.1217,10.1162,0.0,0.0,,
2006-06-29,1011078863.62,10.1162,0.0,10.1217,10.1162,0.0,0.0,,
2006-06-28,1011078863.62,10.1162,0.0,10.1217,10.1162,0.0,0.0,,
2006-06-27,1011078863.62,10.1162,0.0,10.1217,10.1162,0.0,0.0,,
2006-06-26,1011078863.62,10.1162,0.0,10.1217,10.1162,0.0,0.0,,
2006-06-23,1015938080.74,10.1648,0.0,10.1703,10.1648,0.0,0.0,,
2006-06-22,1015938080.74,10.1648,0.0,10.1703,10.1648,0.0,0.0,,
2006-06-21,1015938080.74,10.1648,0.0,10.1703,10.1648,0.0,0.0,,
2006-06-20,1015938080.74,10.1648,0.0,10.1703,10.1648,0.0,0.0,,
2006-06-19,1015126260.25,10.1566,0.0,10.1621,10.1566,0.0,0.0,,
2006-06-16,1015126260.25,10.1566,0.0,10.1621,10.1566,0.0,0.0,,
2006-06-15,1015126260.25,10.1566,0.0,10.1621,10.1566,0.0,0.0,,
2006-06-14,1015126260.25,10.1566,0.0,10.1621,10.1566,0.0,0.0,,
2006-06-09,1015126260.25,10.1566,0.0,10.1621,10.1566,0.0,0.0,,
2006-06-08,1015126260.25,10.1566,0.0,10.1621,10.1566,0.0,0.0,,
2006-06-07,1015126260.25,10.1566,0.0,10.1621,10.1566,0.0,0.0,,
2006-06-06,1015126260.25,10.1566,0.0,10.1621,10.1566,0.0,0.0,,
2006-06-05,1014207972.36,10.1475,0.0,10.153,10.1475,0.0,0.0,,
2006-06-02,1014207972.36,10.1475,0.0,10.153,10.1475,0.0,0.0,,
2006-06-01,1014207972.36,10.1475,0.0,10.153,10.1475,0.0,0.0,,
2006-05-31,1014207972.36,10.1475,0.0,10.153,10.1475,0.0,0.0,,
2006-05-30,1014207972.36,10.1475,0.0,10.153,10.1475,0.0,0.0,,
2006-05-29,1011909236.49,10.1245,0.0,10.13,10.1245,0.0,0.0,,
2006-05-26,1011909236.49,10.1245,0.0,10.13,10.1245,0.0,0.0,,
2006-05-25,1011909236.49,10.1245,0.0,10.13,10.1245,0.0,0.0,,
2006-05-24,1011909236.49,10.1245,0.0,10.13,10.1245,0.0,0.0,,
2006-05-23,1011909236.49,10.1245,0.0,10.13,10.1245,0.0,0.0,,
2006-05-22,1008719319.95,10.0925,0.0,10.098,10.0925,0.0,0.0,,
2006-05-19,1008719319.95,10.0925,0.0,10.098,10.0925,0.0,0.0,,
2006-05-18,1008719319.95,10.0925,0.0,10.098,10.0925,0.0,0.0,,
2006-05-17,1008719319.95,10.0925,0.0,10.098,10.0925,0.0,0.0,,
2006-05-16,1008719319.95,10.0925,0.0,10.098,10.0925,0.0,0.0,,
2006-05-15,1009022856.48,10.0956,0.0,10.1011,10.0956,0.0,0.0,,
2006-05-11,1009022856.48,10.0956,0.0,10.1011,10.0956,0.0,0.0,,
2006-05-10,1009022856.48,10.0956,0.0,10.1011,10.0956,0.0,0.0,,
2006-05-09,1009022856.48,10.0956,0.0,10.1011,10.0956,0.0,0.0,,
2006-05-08,1009022856.48,10.0956,0.0,10.1011,10.0956,0.0,0.0,,
2006-05-04,1010248301.63,10.1078,0.0,10.1133,10.1078,0.0,0.0,,
2006-05-03,1010248301.63,10.1078,0.0,10.1133,10.1078,0.0,0.0,,
2006-05-02,1010490866.76,10.1103,0.0,10.1158,10.1103,0.0,0.0,,
2006-04-28,1010490866.76,10.1103,0.0,10.1158,10.1103,0.0,0.0,,
2006-04-27,1010490866.76,10.1103,0.0,10.1158,10.1103,0.0,0.0,,
2006-04-26,1010490866.76,10.1103,0.0,10.1158,10.1103,0.0,0.0,,
2006-04-25,1010490866.76,10.1103,0.0,10.1158,10.1103,0.0,0.0,,
2006-04-24,1011050010.88,10.1159,0.0,10.1214,10.1159,0.0,0.0,,
2006-04-21,1011050010.88,10.1159,0.0,10.1214,10.1159,0.0,0.0,,
2006-04-20,1011050010.88,10.1159,0.0,10.1214,10.1159,0.0,0.0,,
2006-04-18,1011050010.88,10.1159,0.0,10.1214,10.1159,0.0,0.0,,
2006-04-17,1011050010.88,10.1159,0.0,10.1214,10.1159,0.0,0.0,,
2006-04-12,1011149524.03,10.1169,0.0,10.1224,10.1169,0.0,0.0,,
2006-04-11,1011149524.03,10.1169,0.0,10.1224,10.1169,0.0,0.0,,
2006-04-10,1011149524.03,10.1169,0.0,10.1224,10.1169,0.0,0.0,,
2006-04-07,1012999979.16,10.1354,0.0,10.1409,10.1354,0.0,0.0,,
2006-04-05,1012999979.16,10.1354,0.0,10.1409,10.1354,0.0,0.0,,
2006-04-04,1012999979.16,10.1354,0.0,10.1409,10.1354,0.0,0.0,,
2006-04-03,1012999979.16,10.1354,0.0,10.1409,10.1354,0.0,0.0,,
2006-03-31,1016731558.18,10.1727,0.0,10.1782,10.1727,0.0,0.0,,
2006-03-30,1016731558.18,10.1727,0.0,10.1782,10.1727,0.0,0.0,,
2006-03-29,1016731558.18,10.1727,0.0,10.1782,10.1727,0.0,0.0,,
2006-03-28,1016731558.18,10.1727,0.0,10.1782,10.1727,0.0,0.0,,
2006-03-27,1016855737.77,10.174,0.0,10.1795,10.174,0.0,0.0,,
2006-03-24,1016855737.77,10.174,0.0,10.1795,10.174,0.0,0.0,,
2006-03-23,1016855737.77,10.174,0.0,10.1795,10.174,0.0,0.0,,
2006-03-22,1016855737.77,10.174,0.0,10.1795,10.174,0.0,0.0,,
2006-03-21,1016855737.77,10.174,0.0,10.1795,10.174,0.0,0.0,,
2006-03-20,1016855737.77,10.174,0.0,10.1795,10.174,0.0,0.0,,
2006-03-17,1013877662.13,10.1442,0.0,10.1497,10.1442,0.0,0.0,,
2006-03-16,1013877662.13,10.1442,0.0,10.1497,10.1442,0.0,0.0,,
2006-03-15,1013877662.13,10.1442,0.0,10.1497,10.1442,0.0,0.0,,
2006-03-14,1013877662.13,10.1442,0.0,10.1497,10.1442,0.0,0.0,,
2006-03-13,1013877662.13,10.1442,0.0,10.1497,10.1442,0.0,0.0,,
2006-03-10,1015771373.08,10.1631,0.0,10.1686,10.1631,0.0,0.0,,
2006-03-09,1015771373.08,10.1631,0.0,10.1686,10.1631,0.0,0.0,,
2006-03-08,1015771373.08,10.1631,0.0,10.1686,10.1631,0.0,0.0,,
2006-03-07,1017683457.22,10.1822,0.0,10.1877,10.1822,0.0,0.0,,
2006-03-06,1017683457.22,10.1822,0.0,10.1877,10.1822,0.0,0.0,,
2006-03-03,1017683457.22,10.1822,0.0,10.1877,10.1822,0.0,0.0,,
2006-03-02,1017683457.22,10.1822,0.0,10.1877,10.1822,0.0,0.0,,
2006-03-01,1017683457.22,10.1822,0.0,10.1877,10.1822,0.0,0.0,,
2006-02-28,1018423137.2,10.1896,0.0,10.1952,10.1896,0.0,0.0,,
2006-02-27,1018423137.2,10.1896,0.0,10.1952,10.1896,0.0,0.0,,
2006-02-24,1018423137.2,10.1896,0.0,10.1952,10.1896,0.0,0.0,,
2006-02-23,1018423137.2,10.1896,0.0,10.1952,10.1896,0.0,0.0,,
2006-02-22,1018423137.2,10.1896,0.0,10.1952,10.1896,0.0,0.0,,
2006-02-21,1018087235.63,10.1863,0.0,10.1918,10.1863,0.0,0.0,,
2006-02-20,1018087235.63,10.1863,0.0,10.1918,10.1863,0.0,0.0,,
2006-02-17,1018087235.63,10.1863,0.0,10.1918,10.1863,0.0,0.0,,
2006-02-16,1018087235.63,10.1863,0.0,10.1918,10.1863,0.0,0.0,,
2006-02-15,1018087235.63,10.1863,0.0,10.1918,10.1863,0.0,0.0,,
2006-02-14,1017040776.94,10.1758,0.0,10.1813,10.1758,0.0,0.0,,
2006-02-10,1017040776.94,10.1758,0.0,10.1813,10.1758,0.0,0.0,,
2006-02-09,1017040776.94,10.1758,0.0,10.1813,10.1758,0.0,0.0,,
2006-02-08,1017040776.94,10.1758,0.0,10.1813,10.1758,0.0,0.0,,
2006-02-07,1017040776.94,10.1758,0.0,10.1813,10.1758,0.0,0.0,,
2006-02-06,1017006920.64,10.1755,0.0,10.181,10.1755,0.0,0.0,,
2006-02-03,1017006920.64,10.1755,0.0,10.181,10.1755,0.0,0.0,,
2006-02-02,1017006920.64,10.1755,0.0,10.181,10.1755,0.0,0.0,,
2006-02-01,1017006920.64,10.1755,0.0,10.181,10.1755,0.0,0.0,,
2006-01-31,1017006920.64,10.1755,0.0,10.181,10.1755,0.0,0.0,,
2006-01-30,1020135059.06,10.2068,0.0,10.2124,10.2068,0.0,0.0,,
2006-01-26,1020135059.06,10.2068,0.0,10.2124,10.2068,0.0,0.0,,
2006-01-25,1023077327.94,10.2362,0.0,10.2418,10.2362,0.0,0.0,,
2006-01-24,1023077327.94,10.2362,0.0,10.2418,10.2362,0.0,0.0,,
2006-01-20,1023077327.94,10.2362,0.0,10.2418,10.2362,0.0,0.0,,
2006-01-19,1023077327.94,10.2362,0.0,10.2418,10.2362,0.0,0.0,,
2006-01-18,1023077327.94,10.2362,0.0,10.2418,10.2362,0.0,0.0,,
2006-01-17,1023838292.38,10.2438,0.0,10.2494,10.2438,0.0,0.0,,
2006-01-16,1023838292.38,10.2438,0.0,10.2494,10.2438,0.0,0.0,,
2006-01-13,1023838292.38,10.2438,0.0,10.2494,10.2438,0.0,0.0,,
2006-01-12,1023838292.38,10.2438,0.0,10.2494,10.2438,0.0,0.0,,
2006-01-11,1023838292.38,10.2438,0.0,10.2494,10.2438,0.0,0.0,,
2006-01-10,1021233649.43,10.2178,0.0,10.2234,10.2178,0.0,0.0,,
2006-01-09,1021233649.43,10.2178,0.0,10.2234,10.2178,0.0,0.0,,
2006-01-06,1021233649.43,10.2178,0.0,10.2234,10.2178,0.0,0.0,,
2006-01-05,1021233649.43,10.2178,0.0,10.2234,10.2178,0.0,0.0,,
2006-01-04,1021233649.43,10.2178,0.0,10.2234,10.2178,0.0,0.0,,
2006-01-03,1020327515.37,10.2087,0.0,10.2143,10.2087,0.0,0.0,,
2005-12-30,1020327515.37,10.2087,0.0,10.2143,10.2087,0.0,0.0,,
2005-12-29,1020327515.37,10.2087,0.0,10.2143,10.2087,0.0,0.0,,
2005-12-28,1020327515.37,10.2087,0.0,10.2143,10.2087,0.0,0.0,,
2005-12-27,1015432928.37,10.1597,0.0,10.1652,10.1597,0.0,0.0,,
2005-12-26,1015432928.37,10.1597,0.0,10.1652,10.1597,0.0,0.0,,
2005-12-23,1015432928.37,10.1597,0.0,10.1652,10.1597,0.0,0.0,,
2005-12-22,1015432928.37,10.1597,0.0,10.1652,10.1597,0.0,0.0,,
2005-12-21,1015432928.37,10.1597,0.0,10.1652,10.1597,0.0,0.0,,
2005-12-20,1015432928.37,10.1597,0.0,10.1652,10.1597,0.0,0.0,,
2005-12-19,1015432928.37,10.1597,0.0,10.1652,10.1597,0.0,0.0,,
2005-12-16,1015432928.37,10.1597,0.0,10.1652,10.1597,0.0,0.0,,
2005-12-15,1016351114.99,10.1689,0.0,10.1744,10.1689,0.0,0.0,,
2005-12-14,1016351114.99,10.1689,0.0,10.1744,10.1689,0.0,0.0,,
2005-12-13,1016351114.99,10.1689,0.0,10.1744,10.1689,0.0,0.0,,
2005-12-09,1016351114.99,10.1689,0.0,10.1744,10.1689,0.0,0.0,,
2005-12-08,1016351114.99,10.1689,0.0,10.1744,10.1689,0.0,0.0,,
2005-12-07,1016351114.99,10.1689,0.0,10.1744,10.1689,0.0,0.0,,
2005-12-06,1015476473.35,10.1602,0.0,10.1657,10.1602,0.0,0.0,,
2005-12-02,1015476473.35,10.1602,0.0,10.1657,10.1602,0.0,0.0,,
2005-12-01,1015476473.35,10.1602,0.0,10.1657,10.1602,0.0,0.0,,
2005-11-30,1015476473.35,10.1602,0.0,10.1657,10.1602,0.0,0.0,,
2005-11-29,1015476473.35,10.1602,0.0,10.1657,10.1602,0.0,0.0,,
2005-11-28,1017837495.64,10.1838,0.0,10.1893,10.1838,0.0,0.0,,
2005-11-25,1017837495.64,10.1838,0.0,10.1893,10.1838,0.0,0.0,,
2005-11-24,1017837495.64,10.1838,0.0,10.1893,10.1838,0.0,0.0,,
2005-11-23,1017837495.64,10.1838,0.0,10.1893,10.1838,0.0,0.0,,
2005-11-22,1017837495.64,10.1838,0.0,10.1893,10.1838,0.0,0.0,,
2005-11-21,1017837495.64,10.1838,0.0,10.1893,10.1838,0.0,0.0,,
2005-11-18,1011739161.84,10.1228,0.0,10.1283,10.1228,0.0,0.0,,
2005-11-17,1011739161.84,10.1228,0.0,10.1283,10.1228,0.0,0.0,,
2005-11-16,1011739161.84,10.1228,0.0,10.1283,10.1228,0.0,0.0,,
2005-11-15,1010715811.82,10.1125,0.0,10.118,10.1125,0.0,0.0,,
2005-11-11,1010715811.82,10.1125,0.0,10.118,10.1125,0.0,0.0,,
2005-11-10,1010715811.82,10.1125,0.0,10.118,10.1125,0.0,0.0,,
2005-11-09,1013620043.04,10.1416,0.0,10.1471,10.1416,0.0,0.0,,
2005-11-08,1013620043.04,10.1416,0.0,10.1471,10.1416,0.0,0.0,,
2005-11-07,1013620043.04,10.1416,0.0,10.1471,10.1416,0.0,0.0,,
2005-11-04,1013620043.04,10.1416,0.0,10.1471,10.1416,0.0,0.0,,
2005-11-03,1013620043.04,10.1416,0.0,10.1471,10.1416,0.0,0.0,,
2005-11-02,1013620043.04,10.1416,0.0,10.1471,10.1416,0.0,0.0,,
2005-11-01,1016115660.22,10.1665,0.0,10.172,10.1665,0.0,0.0,,
2005-10-31,1016115660.22,10.1665,0.0,10.172,10.1665,0.0,0.0,,
2005-10-28,1016115660.22,10.1665,0.0,10.172,10.1665,0.0,0.0,,
2005-10-27,1014542866.06,10.1508,0.0,10.1563,10.1508,0.0,0.0,,
2005-10-26,1014542866.06,10.1508,0.0,10.1563,10.1508,0.0,0.0,,
2005-10-25,1014542866.06,10.1508,0.0,10.1563,10.1508,0.0,0.0,,
2005-10-21,1014542866.06,10.1508,0.0,10.1563,10.1508,0.0,0.0,,
2005-10-20,1014542866.06,10.1508,0.0,10.1563,10.1508,0.0,0.0,,
2005-10-19,1014542866.06,10.1508,0.0,10.1563,10.1508,0.0,0.0,,
2005-10-18,1017419434.17,10.1796,0.0,10.1851,10.1796,0.0,0.0,,
2005-10-17,1017419434.17,10.1796,0.0,10.1851,10.1796,0.0,0.0,,
2005-10-14,1017419434.17,10.1796,0.0,10.1851,10.1796,0.0,0.0,,
2005-10-13,1017419434.17,10.1796,0.0,10.1851,10.1796,0.0,0.0,,
2005-10-12,1017419434.17,10.1796,0.0,10.1851,10.1796,0.0,0.0,,
2005-10-11,1017419434.17,10.1796,0.0,10.1851,10.1796,0.0,0.0,,
2005-10-10,1017824864.82,10.1836,0.0,10.1891,10.1836,0.0,0.0,,
2005-10-07,1017824864.82,10.1836,0.0,10.1891,10.1836,0.0,0.0,,
2005-10-05,1017824864.82,10.1836,0.0,10.1891,10.1836,0.0,0.0,,
2005-10-04,1017824864.82,10.1836,0.0,10.1891,10.1836,0.0,0.0,,
2005-10-03,1017824864.82,10.1836,0.0,10.1891,10.1836,0.0,0.0,,
2005-09-30,1020890311.81,10.2143,0.0,10.2199,10.2143,0.0,0.0,,
2005-09-29,1020890311.81,10.2143,0.0,10.2199,10.2143,0.0,0.0,,
2005-09-28,1020890311.81,10.2143,0.0,10.2199,10.2143,0.0,0.0,,
2005-09-27,1020890311.81,10.2143,0.0,10.2199,10.2143,0.0,0.0,,
2005-09-26,1020220963.76,10.2076,0.0,10.2132,10.2076,0.0,0.0,,
2005-09-23,1020220963.76,10.2076,0.0,10.2132,10.2076,0.0,0.0,,
2005-09-22,1020220963.76,10.2076,0.0,10.2132,10.2076,0.0,0.0,,
2005-09-21,1020220963.76,10.2076,0.0,10.2132,10.2076,0.0,0.0,,
2005-09-20,1020220963.76,10.2076,0.0,10.2132,10.2076,0.0,0.0,,
2005-09-19,1021084580.28,10.2163,0.0,10.2219,10.2163,0.0,0.0,,
2005-09-16,1021084580.28,10.2163,0.0,10.2219,10.2163,0.0,0.0,,
2005-09-15,1021084580.28,10.2163,0.0,10.2219,10.2163,0.0,0.0,,
2005-09-14,1021084580.28,10.2163,0.0,10.2219,10.2163,0.0,0.0,,
2005-09-13,1021084580.28,10.2163,0.0,10.2219,10.2163,0.0,0.0,,
2005-09-12,1022017313.4,10.2256,0.0,10.2312,10.2256,0.0,0.0,,
2005-09-09,1022017313.4,10.2256,0.0,10.2312,10.2256,0.0,0.0,,
2005-09-08,1022017313.4,10.2256,0.0,10.2312,10.2256,0.0,0.0,,
2005-09-07,1017869874.28,10.1841,0.0,10.1896,10.1841,0.0,0.0,,
2005-09-06,1017869874.28,10.1841,0.0,10.1896,10.1841,0.0,0.0,,
2005-09-05,1017869874.28,10.1841,0.0,10.1896,10.1841,0.0,0.0,,
2005-09-02,1017869874.28,10.1841,0.0,10.1896,10.1841,0.0,0.0,,
2005-09-01,1017869874.28,10.1841,0.0,10.1896,10.1841,0.0,0.0,,
2005-08-31,1017869874.28,10.1841,0.0,10.1896,10.1841,0.0,0.0,,
2005-08-30,1017869874.28,10.1841,0.0,10.1896,10.1841,0.0,0.0,,
2005-08-29,1017307148.48,10.1785,0.0,10.184,10.1785,0.0,0.0,,
2005-08-26,1017307148.48,10.1785,0.0,10.184,10.1785,0.0,0.0,,
2005-08-25,1017307148.48,10.1785,0.0,10.184,10.1785,0.0,0.0,,
2005-08-24,1017307148.48,10.1785,0.0,10.184,10.1785,0.0,0.0,,
2005-08-23,1017307148.48,10.1785,0.0,10.184,10.1785,0.0,0.0,,
2005-08-22,1014417296.87,10.1496,0.0,10.1551,10.1496,0.0,0.0,,
2005-08-19,1014417296.87,10.1496,0.0,10.1551,10.1496,0.0,0.0,,
2005-08-18,1014417296.87,10.1496,0.0,10.1551,10.1496,0.0,0.0,,
2005-08-17,1014417296.87,10.1496,0.0,10.1551,10.1496,0.0,0.0,,
2005-08-16,1014887860.29,10.1543,0.0,10.1598,10.1543,0.0,0.0,,
2005-08-15,1014887860.29,10.1543,0.0,10.1598,10.1543,0.0,0.0,,
2005-08-11,1014887860.29,10.1543,0.0,10.1598,10.1543,0.0,0.0,,
2005-08-10,1014887860.29,10.1543,0.0,10.1598,10.1543,0.0,0.0,,
2005-08-09,1014887860.29,10.1543,0.0,10.1598,10.1543,0.0,0.0,,
2005-08-08,1016356874.62,10.169,0.0,10.1745,10.169,0.0,0.0,,
2005-08-05,1016356874.62,10.169,0.0,10.1745,10.169,0.0,0.0,,
2005-08-04,1016356874.62,10.169,0.0,10.1745,10.169,0.0,0.0,,
2005-08-03,1016356874.62,10.169,0.0,10.1745,10.169,0.0,0.0,,
2005-08-02,1016356874.62,10.169,0.0,10.1745,10.169,0.0,0.0,,
2005-08-01,1016431711.85,10.1697,0.0,10.1752,10.1697,0.0,0.0,,
2005-07-29,1016431711.85,10.1697,0.0,10.1752,10.1697,0.0,0.0,,
2005-07-28,1016431711.85,10.1697,0.0,10.1752,10.1697,0.0,0.0,,
2005-07-27,1016431711.85,10.1697,0.0,10.1752,10.1697,0.0,0.0,,
2005-07-26,1016431711.85,10.1697,0.0,10.1752,10.1697,0.0,0.0,,
2005-07-25,1016432783.56,10.1697,0.0,10.1752,10.1697,0.0,0.0,,
2005-07-21,1016588145.48,10.1713,0.0,10.1768,10.1713,0.0,0.0,,
2005-07-20,1016588145.48,10.1713,0.0,10.1768,10.1713,0.0,0.0,,
2005-07-19,1016588145.48,10.1713,0.0,10.1768,10.1713,0.0,0.0,,
2005-07-18,1017005827.11,10.1755,0.0,10.181,10.1755,0.0,0.0,,
2005-07-15,1017005827.11,10.1755,0.0,10.181,10.1755,0.0,0.0,,
2005-07-14,1017005827.11,10.1755,0.0,10.181,10.1755,0.0,0.0,,
2005-07-13,1017005827.11,10.1755,0.0,10.181,10.1755,0.0,0.0,,
2005-07-12,1017005827.11,10.1755,0.0,10.181,10.1755,0.0,0.0,,
2005-07-11,1017467087.0,10.1801,0.0,10.1856,10.1801,0.0,0.0,,
2005-07-08,1017467087.0,10.1801,0.0,10.1856,10.1801,0.0,0.0,,
2005-07-07,1017467087.0,10.1801,0.0,10.1856,10.1801,0.0,0.0,,
2005-07-06,1017467087.0,10.1801,0.0,10.1856,10.1801,0.0,0.0,,
2005-07-05,1017467087.0,10.1801,0.0,10.1856,10.1801,0.0,0.0,,
2005-07-04,1016807671.89,10.1735,0.0,10.179,10.1735,0.0,0.0,,
2005-06-30,1016756720.94,10.173,0.0,10.1785,10.173,0.0,0.0,,
2005-06-29,1016756720.94,10.173,0.0,10.1785,10.173,0.0,0.0,,
2005-06-28,1016756720.94,10.173,0.0,10.1785,10.173,0.0,0.0,,
2005-06-27,1016756720.94,10.173,0.0,10.1785,10.173,0.0,0.0,,
2005-06-24,988828270.35,9.8935,0.0,9.8989,9.8935,0.0,0.0,,
2005-06-23,1013762449.85,10.143,0.0,10.1485,10.143,0.0,0.0,,
2005-06-22,1013762449.85,10.143,0.0,10.1485,10.143,0.0,0.0,,
2005-06-21,1013762449.85,10.143,0.0,10.1485,10.143,0.0,0.0,,
2005-06-20,1013762449.85,10.143,0.0,10.1485,10.143,0.0,0.0,,
2005-06-17,1013762449.85,10.143,0.0,10.1485,10.143,0.0,0.0,,
2005-06-16,1013762449.85,10.143,0.0,10.1485,10.143,0.0,0.0,,
2005-06-15,1013762449.85,10.143,0.0,10.1485,10.143,0.0,0.0,,
2005-06-14,1013762449.85,10.143,0.0,10.1485,10.143,0.0,0.0,,
2005-06-13,1013304129.77,10.1384,0.0,10.1439,10.1384,0.0,0.0,,
2005-06-10,1013304129.77,10.1384,0.0,10.1439,10.1384,0.0,0.0,,
2005-06-09,1013304129.77,10.1384,0.0,10.1439,10.1384,0.0,0.0,,
2005-06-08,1013304129.77,10.1384,0.0,10.1439,10.1384,0.0,0.0,,
2005-06-07,1013304129.77,10.1384,0.0,10.1439,10.1384,0.0,0.0,,
2005-06-06,1012883297.62,10.1342,0.0,10.1397,10.1342,0.0,0.0,,
2005-06-03,1012883297.62,10.1342,0.0,10.1397,10.1342,0.0,0.0,,
2005-06-02,1008920621.06,10.0946,0.0,10.1001,10.0946,0.0,0.0,,
2005-06-01,1008920621.06,10.0946,0.0,10.1001,10.0946,0.0,0.0,,
2005-05-31,1008920621.06,10.0946,0.0,10.1001,10.0946,0.0,0.0,,
2005-05-30,1008920621.06,10.0946,0.0,10.1001,10.0946,0.0,0.0,,
2005-05-27,1008920621.06,10.0946,0.0,10.1001,10.0946,0.0,0.0,,
2005-05-26,1008920621.06,10.0946,0.0,10.1001,10.0946,0.0,0.0,,
2005-05-25,1008920621.06,10.0946,0.0,10.1001,10.0946,0.0,0.0,,
2005-05-24,1009192906.0,10.0973,0.0,10.1028,10.0973,0.0,0.0,,
2005-05-20,1009192906.0,10.0973,0.0,10.1028,10.0973,0.0,0.0,,
2005-05-19,1009192906.0,10.0973,0.0,10.1028,10.0973,0.0,0.0,,
2005-05-18,1009192906.0,10.0973,0.0,10.1028,10.0973,0.0,0.0,,
2005-05-17,1009192906.0,10.0973,0.0,10.1028,10.0973,0.0,0.0,,
2005-05-16,1009192906.0,10.0973,0.0,10.1028,10.0973,0.0,0.0,,
2005-05-13,1008782070.85,10.0932,0.0,10.0987,10.0932,0.0,0.0,,
2005-05-12,1008782070.85,10.0932,0.0,10.0987,10.0932,0.0,0.0,,
2005-05-11,1008782070.85,10.0932,0.0,10.0987,10.0932,0.0,0.0,,
2005-05-10,1008782070.85,10.0932,0.0,10.0987,10.0932,0.0,0.0,,
2005-05-09,1009072464.45,10.0961,0.0,10.1016,10.0961,0.0,0.0,,
2005-05-06,1009072464.45,10.0961,0.0,10.1016,10.0961,0.0,0.0,,
2005-05-04,1009072464.45,10.0961,0.0,10.1016,10.0961,0.0,0.0,,
2005-05-03,1009072464.45,10.0961,0.0,10.1016,10.0961,0.0,0.0,,
2005-04-29,1007040510.21,10.0757,0.0,10.0812,10.0757,0.0,0.0,,
2005-04-28,1007040510.21,10.0757,0.0,10.0812,10.0757,0.0,0.0,,
2005-04-27,1007040510.21,10.0757,0.0,10.0812,10.0757,0.0,0.0,,
2005-04-26,1007040510.21,10.0757,0.0,10.0812,10.0757,0.0,0.0,,
2005-04-25,1007040510.21,10.0757,0.0,10.0812,10.0757,0.0,0.0,,
2005-04-22,1004472346.52,10.0501,0.0,10.0556,10.0501,0.0,0.0,,
2005-04-21,1004472346.52,10.0501,0.0,10.0556,10.0501,0.0,0.0,,
2005-04-20,1004472346.52,10.0501,0.0,10.0556,10.0501,0.0,0.0,,
2005-04-19,1004472346.52,10.0501,0.0,10.0556,10.0501,0.0,0.0,,
2005-04-18,1003092906.97,10.0363,0.0,10.0418,10.0363,0.0,0.0,,
2005-04-12,1003092906.97,10.0363,0.0,10.0418,10.0363,0.0,0.0,,
2005-04-11,1001954444.48,10.0249,0.0,10.0304,10.0249,0.0,0.0,,
2005-04-08,1001954444.48,10.0249,0.0,10.0304,10.0249,0.0,0.0,,
2005-04-07,1001954444.48,10.0249,0.0,10.0304,10.0249,0.0,0.0,,
2005-04-05,1003094942.13,10.0363,0.0,10.0418,10.0363,0.0,0.0,,
2005-04-04,1003094942.13,10.0363,0.0,10.0418,10.0363,0.0,0.0,,
2005-04-01,1003094942.13,10.0363,0.0,10.0418,10.0363,0.0,0.0,,
2005-03-31,998875030.69,9.994,0.0,9.9994,9.994,0.0,0.0,,
2005-03-30,998875030.69,9.994,0.0,9.9994,9.994,0.0,0.0,,
2005-03-29,998875030.69,9.994,0.0,9.9994,9.994,0.0,0.0,,
2005-03-28,998875030.69,9.994,0.0,9.9994,9.994,0.0,0.0,,
2005-03-25,999013080.26,9.9954,0.0,10.0008,9.9954,0.0,0.0,,
2005-03-24,999013080.26,9.9954,0.0,10.0008,9.9954,0.0,0.0,,
2005-03-23,999013080.26,9.9954,0.0,10.0008,9.9954,0.0,0.0,,
2005-03-22,999204179.61,9.9973,0.0,10.0027,9.9973,0.0,0.0,,
2005-03-21,999204179.61,9.9973,0.0,10.0027,9.9973,0.0,0.0,,
2005-03-18,999204179.61,9.9973,0.0,10.0027,9.9973,0.0,0.0,,
2005-03-17,999204179.61,9.9973,0.0,10.0027,9.9973,0.0,0.0,,
2005-03-16,998293677.65,9.9882,0.0,9.9936,9.9882,0.0,0.0,,
2005-03-15,998293677.65,9.9882,0.0,9.9936,9.9882,0.0,0.0,,
2005-03-14,998293677.65,9.9882,0.0,9.9936,9.9882,0.0,0.0,,
2005-03-11,997648542.2,9.9818,0.0,9.9872,9.9818,0.0,0.0,,
2005-03-10,997648542.2,9.9818,0.0,9.9872,9.9818,0.0,0.0,,
2005-03-09,997648542.2,9.9818,0.0,9.9872,9.9818,0.0,0.0,,
2005-03-08,997648542.2,9.9818,0.0,9.9872,9.9818,0.0,0.0,,
2005-03-07,997648542.2,9.9818,0.0,9.9872,9.9818,0.0,0.0,,
2005-03-04,997648542.2,9.9818,0.0,9.9872,9.9818,0.0,0.0,,
2005-03-03,997648542.2,9.9818,0.0,9.9872,9.9818,0.0,0.0,,
2005-03-02,997648542.2,9.9818,0.0,9.9872,9.9818,0.0,0.0,,
2005-03-01,1009259724.66,10.098,0.0,10.1035,10.098,0.0,0.0,,
2005-02-28,1009259724.66,10.098,0.0,10.1035,10.098,0.0,0.0,,
2005-02-25,1009259724.66,10.098,0.0,10.1035,10.098,0.0,0.0,,
2005-02-24,1009259724.66,10.098,0.0,10.1035,10.098,0.0,0.0,,
2005-02-22,1009259724.66,10.098,0.0,10.1035,10.098,0.0,0.0,,
2005-02-21,1010139318.36,10.1068,0.0,10.1123,10.1068,0.0,0.0,,
2005-02-18,1010139318.36,10.1068,0.0,10.1123,10.1068,0.0,0.0,,
2005-02-17,999051331.48,9.9958,0.0,10.0012,9.9958,0.0,0.0,,
2005-02-16,999051331.48,9.9958,0.0,10.0012,9.9958,0.0,0.0,,
2005-02-15,999051331.48,9.9958,0.0,10.0012,9.9958,0.0,0.0,,
2005-01-06,955043923.53,9.5555,0.0,0.0,0.0,0.0,0.0,,
2005-01-05,955043923.53,9.5555,0.0,0.0,0.0,0.0,0.0,,
2005-01-04,955043923.53,9.5555,0.0,0.0,0.0,0.0,0.0,,
2004-12-30,955043923.53,9.5555,0.0,0.0,0.0,0.0,0.0,,
