date,r_ytd,sd_ytd,r_3m,sd_3m,r_6m,sd_6m,r_1y,sd_1y,r_2y,sd_2y,r_3y,sd_3y,r_4y,sd_4y,r_5y,sd_5y
2020-05-06,,,,,,,,,,,,,,,,
2020-05-05,,,,,,,,,,,,,,,,
2020-05-04,,,,,,,,,,,,,,,,
2020-05-01,,,,,,,,,,,,,,,,
2020-04-30,,,,,,,,,,,,,,,,
2020-04-29,,,,,,,,,,,,,,,,
2020-04-28,,,,,,,,,,,,,,,,
2020-04-27,,,,,,,,,,,,,,,,
2020-04-24,,,,,,,,,,,,,,,,
2020-04-23,,,,,,,,,,,,,,,,
2020-04-22,,,,,,,,,,,,,,,,
2020-04-21,,,,,,,,,,,,,,,,
2020-04-20,,,,,,,,,,,,,,,,
2020-04-17,,,,,,,,,,,,,,,,
2020-04-16,,,,,,,,,,,,,,,,
2020-04-15,,,,,,,,,,,,,,,,
2020-04-14,,,,,,,,,,,,,,,,
2020-04-13,,,,,,,,,,,,,,,,
2020-04-10,,,,,,,,,,,,,,,,
2020-04-09,,,,,,,,,,,,,,,,
2020-04-08,,,,,,,,,,,,,,,,
2020-04-07,,,,,,,,,,,,,,,,
2020-04-06,,,,,,,,,,,,,,,,
2020-04-03,,,,,,,,,,,,,,,,
2020-04-02,,,,,,,,,,,,,,,,
2020-04-01,,,,,,,,,,,,,,,,
2020-03-31,,,,,,,,,,,,,,,,
2020-03-30,,,,,,,,,,,,,,,,
2020-03-27,,,,,,,,,,,,,,,,
2020-03-26,,,,,,,,,,,,,,,,
2020-03-25,,,,,,,,,,,,,,,,
2020-03-24,,,,,,,,,,,,,,,,
2020-03-23,,,,,,,,,,,,,,,,
2020-03-20,,,,,,,,,,,,,,,,
2020-03-19,,,,,,,,,,,,,,,,
2020-03-18,,,,,,,,,,,,,,,,
2020-03-17,,,,,,,,,,,,,,,,
2020-03-16,,,,,,,,,,,,,,,,
2020-03-13,,,,,,,,,,,,,,,,
2020-03-12,,,,,,,,,,,,,,,,
2020-03-11,,,,,,,,,,,,,,,,
2020-03-10,,,,,,,,,,,,,,,,
2020-03-09,,,,,,,,,,,,,,,,
2020-03-06,,,,,,,,,,,,,,,,
2020-03-05,,,,,,,,,,,,,,,,
2020-03-04,,,,,,,,,,,,,,,,
2020-03-03,,,,,,,,,,,,,,,,
2020-03-02,,,,,,,,,,,,,,,,
2020-02-28,,,,,,,,,,,,,,,,
2020-02-27,,,,,,,,,,,,,,,,
2020-02-26,,,,,,,,,,,,,,,,
2020-02-25,,,,,,,,,,,,,,,,
2020-02-24,,,,,,,,,,,,,,,,
2020-02-21,,,,,,,,,,,,,,,,
2020-02-20,,,,,,,,,,,,,,,,
2020-02-19,,,,,,,,,,,,,,,,
2020-02-18,,,,,,,,,,,,,,,,
2020-02-17,,,,,,,,,,,,,,,,
2020-02-14,,,,,,,,,,,,,,,,
2020-02-13,,,,,,,,,,,,,,,,
2020-02-12,,,,,,,,,,,,,,,,
2020-02-11,,,,,,,,,,,,,,,,
2020-02-10,,,,,,,,,,,,,,,,
2020-02-07,,,,,,,,,,,,,,,,
2020-02-06,,,,,,,,,,,,,,,,
2020-02-05,,,,,,,,,,,,,,,,
2020-02-04,,,,,,,,,,,,,,,,
2020-02-03,,,,,,,,,,,,,,,,
2020-01-31,,,,,,,,,,,,,,,,
2020-01-30,,,,,,,,,,,,,,,,
2020-01-29,,,,,,,,,,,,,,,,
2020-01-28,,,,,,,,,,,,,,,,
2020-01-27,,,,,,,,,,,,,,,,
2020-01-24,,,,,,,,,,,,,,,,
2020-01-23,,,,,,,,,,,,,,,,
2020-01-22,,,,,,,,,,,,,,,,
2020-01-21,,,,,,,,,,,,,,,,
2020-01-20,,,,,,,,,,,,,,,,
2020-01-17,,,,,,,,,,,,,,,,
2020-01-16,,,,,,,,,,,,,,,,
2020-01-15,,,,,,,,,,,,,,,,
2020-01-14,,,,,,,,,,,,,,,,
2020-01-13,,,,,,,,,,,,,,,,
2020-01-10,,,,,,,,,,,,,,,,
2020-01-09,,,,,,,,,,,,,,,,
2020-01-08,,,,,,,,,,,,,,,,
2020-01-07,,,,,,,,,,,,,,,,
2020-01-06,,,,,,,,,,,,,,,,
2020-01-03,,,,,,,,,,,,,,,,
2020-01-02,,,,,,,,,,,,,,,,
2020-01-01,,,,,,,,,,,,,,,,
2019-12-31,0.35709693054915004,1.854005090746268,,,,,,,,,,,,,,
2019-12-30,0.35709693054917224,1.854005090746268,,,,,,,,,,,,,,
2019-12-27,0.35709693054915004,1.854005090746268,,,,,,,,,,,,,,
2019-12-26,0.35709693054917224,1.854005090746268,,,,,,,,,,,,,,
2019-12-25,0.35709693054915004,1.854005090746268,,,,,,,,,,,,,,
2019-12-24,0.35709693054917224,1.854005090746268,,,,,,,,,,,,,,
2019-12-23,0.35709693054915004,1.854005090746268,,,,,,,,,,,,,,
2019-12-20,0.35709693054917224,1.854005090746268,,,,,,,,,,,,,,
2019-12-19,0.35709693054915004,1.854005090746268,,,,,,,,,,,,,,
2019-12-18,0.35709693054917224,1.854005090746268,,,,,,,,,,,,,,
2019-12-17,0.35709693054915004,1.854005090746268,,,,,,,,,,,,,,
2019-12-16,0.35709693054917224,1.854005090746268,,,,,,,,,,,,,,
2019-12-13,0.35709693054915004,1.854005090746268,,,,,,,,,,,,,,
2019-12-12,0.35709693054917224,1.854005090746268,,,,,,,,,,,,,,
2019-12-11,0.35709693054915004,1.854005090746268,,,,,,,,,,,,,,
2019-12-10,0.35709693054917224,1.854005090746268,,,,,,,,,,,,,,
2019-12-09,0.35709693054915004,1.854005090746268,,,,,,,,,,,,,,
2019-12-06,0.35709693054917224,1.854005090746268,,,,,,,,,,,,,,
2019-12-05,0.35709693054915004,1.854005090746268,,,,,,,,,,,,,,
2019-12-04,0.35709693054917224,1.854005090746268,,,,,,,,,,,,,,
2019-12-03,0.35709693054915004,1.854005090746268,,,,,,,,,,,,,,
2019-12-02,0.35709693054917224,1.854005090746268,,,,,,,,,,,,,,
2019-11-29,0.35709693054915004,1.854005090746268,,,,,,,,,,,,,,
2019-11-28,0.35709693054917224,1.854005090746268,,,,,,,,,,,,,,
2019-11-27,0.35709693054915004,1.854005090746268,,,,,,,,,,,,,,
2019-11-26,0.35709693054917224,1.854005090746268,,,,,,,,,,,,,,
2019-11-25,0.35709693054915004,1.854005090746268,,,,,,,,,,,,,,
2019-11-22,0.35709693054917224,1.854005090746268,,,,,,,,,,,,,,
2019-11-21,0.35709693054915004,1.854005090746268,,,,,,,,,,,,,,
2019-11-20,0.35709693054917224,1.854005090746268,,,,,,,,,,,,,,
2019-11-19,0.35709693054915004,1.854005090746268,,,,,,,,,,,,,,
2019-11-18,0.35709693054917224,1.854005090746268,,,,,,,,,,,,,,
2019-11-15,0.35709693054915004,1.854005090746268,,,,,,,,,,,,,,
2019-11-14,0.35709693054917224,1.854005090746268,,,,,,,,,,,,,,
2019-11-13,0.35709693054915004,1.854005090746268,,,,,,,,,,,,,,
2019-11-12,0.35709693054917224,1.854005090746268,,,,,,,,,,,,,,
2019-11-11,0.35709693054915004,1.854005090746268,,,,,,,,,,,,,,
2019-11-08,0.35709693054917224,1.854005090746268,,,,,,,,,,,,,,
2019-11-07,0.35709693054915004,1.854005090746268,,,,,,,,,,,,,,
2019-11-06,0.35709693054917224,1.854005090746268,,,,,,,,,,,,,,
2019-11-05,0.35709693054915004,1.854005090746268,,,,,,,,,,,,,,
2019-11-04,0.35709693054917224,1.854005090746268,,,,,,,,,,,,,,
2019-11-01,0.35709693054915004,1.854005090746268,,,,,,,,,,,,,,
2019-10-31,0.35709693054917224,1.854005090746268,,,,,,,,,,,,,,
2019-10-30,0.35709693054915004,1.854005090746268,,,,,,,,,,,,,,
2019-10-29,0.35709693054917224,1.854005090746268,,,,,,,,,,,,,,
2019-10-28,0.35709693054915004,1.854005090746268,,,,,,,,,,,,,,
2019-10-25,0.35709693054917224,1.854005090746268,,,,,,,,,,,,,,
2019-10-24,0.35709693054915004,1.854005090746268,,,,,,,,,,,,,,
2019-10-23,0.35709693054917224,1.854005090746268,,,,,,,,,,,,,,
2019-10-22,0.35709693054915004,1.854005090746268,,,,,,,,,,,,,,
2019-10-21,0.35709693054917224,1.854005090746268,,,,,,,,,,,,,,
2019-10-18,0.35709693054915004,1.854005090746268,,,,,,,,,,,,,,
2019-10-17,0.35709693054917224,1.854005090746268,,,,,,,,,,,,,,
2019-10-16,0.35709693054915004,1.854005090746268,,,,,,,,,,,,,,
2019-10-15,0.35709693054917224,1.854005090746268,,,,,,,,,,,,,,
2019-10-14,0.35709693054915004,1.854005090746268,,,,,,,,,,,,,,
2019-10-11,0.35709693054917224,1.854005090746268,,,,,,,,,,,,,,
2019-10-10,0.35709693054915004,1.854005090746268,,,,,,,,,,,,,,
2019-10-09,0.35709693054917224,1.854005090746268,,,,,,,,,,,,,,
2019-10-08,0.35709693054915004,1.854005090746268,,,,,,,,,,,,,,
2019-10-07,0.35709693054917224,1.854005090746268,,,,,,,,,,,,,,
2019-10-04,0.35709693054915004,1.854005090746268,,,,,,,,,,,,,,
2019-10-03,0.35709693054917224,1.854005090746268,,,,,,,,,,,,,,
2019-10-02,0.35709693054915004,1.854005090746268,,,,,,,,,,,,,,
2019-10-01,0.35709693054917224,1.854005090746268,,,,,,,,,,,,,,
2019-09-30,0.35709693054915004,1.854005090746268,,,,,,,,,,,,,,
2019-09-27,0.35709693054917224,1.854005090746268,,,,,,,,,,,,,,
2019-09-26,0.35709693054915004,1.854005090746268,,,,,,,,,,,,,,
2019-09-25,0.35709693054917224,1.854005090746268,,,,,,,,,,,,,,
2019-09-24,0.35709693054915004,1.854005090746268,,,,,,,,,,,,,,
2019-09-23,0.35709693054917224,1.854005090746268,,,,,,,,,,,,,,
2019-09-20,0.35709693054915004,1.854005090746268,,,,,,,,,,,,,,
2019-09-19,0.35709693054917224,1.854005090746268,,,,,,,,,,,,,,
2019-09-18,0.35709693054915004,1.854005090746268,,,,,,,,,,,,,,
2019-09-17,0.35709693054917224,1.854005090746268,,,,,,,,,,,,,,
2019-09-16,0.35709693054915004,1.854005090746268,,,,,,,,,,,,,,
2019-09-13,0.35709693054917224,1.854005090746268,,,,,,,,,,,,,,
2019-09-12,0.35709693054915004,1.854005090746268,,,,,,,,,,,,,,
2019-09-11,0.35709693054917224,1.854005090746268,,,,,,,,,,,,,,
2019-09-10,0.35709693054915004,1.854005090746268,,,,,,,,,,,,,,
2019-09-09,0.35709693054917224,1.854005090746268,,,,,,,,,,,,,,
2019-09-06,0.35709693054915004,1.854005090746268,,,,,,,,,,,,,,
2019-09-05,0.35709693054917224,1.854005090746268,,,,,,,,,,,,,,
2019-09-04,0.35709693054915004,1.854005090746268,,,,,,,,,,,,,,
2019-09-03,0.35709693054917224,1.854005090746268,,,,,,,,,,,,,,
2019-09-02,0.35709693054915004,1.854005090746268,,,,,,,,,,,,,,
2019-08-30,0.35709693054917224,1.854005090746268,,,,,,,,,,,,,,
2019-08-29,0.35709693054915004,1.854005090746268,,,,,,,,,,,,,,
2019-08-28,0.35709693054917224,1.854005090746268,,,,,,,,,,,,,,
2019-08-27,0.35709693054915004,1.854005090746268,,,,,,,,,,,,,,
2019-08-26,0.35709693054917224,1.854005090746268,,,,,,,,,,,,,,
2019-08-23,0.35709693054915004,1.854005090746268,,,,,,,,,,,,,,
2019-08-22,0.35709693054917224,1.854005090746268,,,,,,,,,,,,,,
2019-08-21,0.35709693054915004,1.854005090746268,,,,,,,,,,,,,,
2019-08-20,0.35709693054917224,1.854005090746268,,,,,,,,,,,,,,
2019-08-19,0.35709693054915004,1.854005090746268,,,,,,,,,,,,,,
2019-08-16,0.35709693054915004,1.854005090746268,,,,,,,,,,,,,,
2019-08-15,0.35709693054917224,1.854005090746268,,,,,,,,,,,,,,
2019-08-14,0.35709693054915004,1.854005090746268,,,,,,,,,,,,,,
2019-08-13,0.35709693054917224,1.854005090746268,,,,,,,,,,,,,,
2019-08-12,0.35709693054915004,1.854005090746268,,,,,,,,,,,,,,
2019-08-09,0.35709693054917224,1.854005090746268,,,,,,,,,,,,,,
2019-08-08,0.35709693054915004,1.854005090746268,,,,,,,,,,,,,,
2019-08-07,0.35709693054917224,1.854005090746268,,,,,,,,,,,,,,
2019-08-06,0.35709693054917224,1.854005090746268,,,,,,,,,,,,,,
2019-08-05,0.35709693054915004,1.854005090746268,,,,,1.1475230052939045,1.6155073308543515,,,,,,,,
2019-08-02,0.35709693054917224,1.854005090746268,,,,,1.152565355241464,1.6110638076599555,,,,,,,,
2019-08-01,0.35709693054915004,1.854005090746268,,,,,1.1565995971843268,1.6066583198601596,,,,,,,,
2019-07-31,0.35709693054917224,1.854005090746268,,,,,1.161642852157363,1.6022872211288814,,,,,,,,
2019-07-30,0.35709693054915004,1.854005090746268,,,,,1.1192951331092882,1.598927185376297,,,,,,,,
2019-07-29,0.35709693054917224,1.854005090746268,,,,,1.1192951331093326,1.5989271853762963,,,,,,,,
2019-07-26,0.35709693054915004,1.854005090746268,,,,,1.1192951331092882,1.598927185376297,,,,,,,,
2019-07-25,0.35709693054917224,1.854005090746268,,,,,1.123326721620188,1.5946250165815123,,,,,,,,
2019-07-24,0.35709693054915004,1.854005090746268,,,,,1.1283666593568722,1.5903560790783164,,,,,,,,
2019-07-23,0.35709693054917224,1.854005090746268,,,,,1.1323989712713978,1.5861225449207588,,,,,,,,
2019-07-22,0.35709693054915004,1.854005090746268,,,,,1.1465145956291334,1.5819469578848817,,,,,,,,
2019-07-19,0.35709693054917224,1.854005090746268,,,,,1.1515568450333635,1.5777789464840943,,,,,,,,
2019-07-18,0.35709693054915004,1.854005090746268,,,,,1.1555910065308428,1.5736450183027213,,,,,,,,
2019-07-17,0.35709693054917224,1.854005090746268,,,,,1.1606341609332158,1.5695421155215363,,,,,,,,
2019-07-16,0.35709693054915004,1.854005090746268,,,,,0.8729716831052725,1.5998084855073629,,,,,,,,
2019-07-15,0.35709693054917224,1.854005090746268,,,,,0.8729716831053169,1.5998084855073629,,,,,,,,
2019-07-12,0.35709693054915004,1.854005090746268,,,,,0.8769836535019504,1.5956800746208806,,,,,,,,
2019-07-11,0.35709693054917224,1.854005090746268,,,,,0.8819990652997989,1.5915833989197132,,,,,,,,
2019-07-10,0.35709693054915004,1.854005090746268,,,,,0.8860117538259216,1.5875181779571947,,,,,,,,
2019-07-09,0.35709693054917224,1.854005090746268,,,,,0.8910280634062406,1.5834838884597218,,,,,,,,
2019-07-08,0.35709693054915004,1.854005090746268,,,,,0.9050763844685284,1.579515052271094,,,,,,,,
2019-07-05,0.35709693054917224,1.854005090746268,,,,,0.9090909090908148,1.5755415766919063,,,,,,,,
2019-07-04,0.35709693054915004,1.854005090746268,,,,,0.9141095140995814,1.5715978427656578,,,,,,,,
2019-07-03,0.35709693054917224,1.854005090746268,,,,,0.9181247575374528,1.5676836727105965,,,,,,,,
2019-07-02,0.35709693054915004,1.854005090746268,,,,,0.923144261186004,1.5637985093201536,,,,,,,,
2019-07-01,0.35709693054917224,1.854005090746268,,,,,0.9372015281755796,1.5599762295693371,,,,,,,,
2019-06-28,0.35709693054915004,1.854005090746268,,,,,0.9020657006173716,1.556757856550835,,,,,,,,
2019-06-27,0.35709693054917224,1.854005090746268,,,,,0.9060799856777102,1.552956331532361,,,,,,,,
2019-06-26,0.35709693054915004,1.854005090746268,,,,,0.9110982911932242,1.5491825418944931,,,,,,,,
2019-06-25,0.35709693054917224,1.854005090746268,,,,,0.9151132950047104,1.5454361115056956,,,,,,,,
2019-06-24,0.35709693054915004,1.854005090746268,,,,,0.9291683247115712,1.5417514999697781,,,,,,,,
2019-06-21,0.35709693054917224,1.854005090746268,,,,,0.9331847666042892,1.538058779235122,,,,,,,,
2019-06-20,0.35709693054915004,1.854005090746268,,,,,0.9382057685228152,1.5343924545480507,,,,,,,,
2019-06-19,0.35709693054917224,1.854005090746268,,,,,0.9422229297461504,1.5307522370174411,,,,,,,,
2019-06-18,0.35709693054915004,1.854005090746268,,,,,0.9472448309485904,1.5271377946575126,,,,,,,,
2019-06-17,0.35709693054917224,1.854005090746268,,,0.5151881427467142,1.76871946080648,0.960304112888033,1.523576074606945,,,,,,,,
2019-06-14,0.35709693054915004,1.854005090746268,,,0.6478110336207266,1.7712129323056318,1.1515568450333409,1.5330328115752407,,,,,,,,
2019-06-13,0.35709693054917224,1.854005090746268,,,0.6528036826859207,1.7616679409551892,1.1565995971843712,1.5294635280310436,,,,,,,,
2019-06-12,0.35709693054915004,1.854005090746268,,,0.6577968270976342,1.7522756167533693,1.1606341609332158,1.5259197434643859,,,,,,,,
2019-06-11,0.35709693054917224,1.854005090746268,,,0.6617916993262973,1.7430357448314022,1.164669046526989,1.5224004780956488,,,,,,,,
2019-06-10,0.35709693054915004,1.854005090746268,,,0.6807716735471425,1.7340380323708535,1.1787936811870072,1.5189323792250968,,,,,,,,
2019-06-07,0.35709693054917224,1.854005090746268,,,0.6807716735471869,1.7340380323708535,1.1828300155583669,1.5154612987982887,,,,,,,,
2019-06-06,0.35709693054915004,1.854005090746268,,,0.684768369655786,1.7250839088019525,1.1868666719859091,1.5120139064053084,,,,,,,,
2019-06-05,0.35709693054917224,1.854005090746268,,,0.6947614983027872,1.716265783808464,1.1919129454712962,1.5085892483800674,,,,,,,,
2019-06-04,0.35709693054915004,1.854005090746268,,,0.694761498302765,1.7162657838084638,1.1959503266671057,1.5051884379237228,,,,,,,,
2019-06-03,0.35709693054917224,1.854005090746268,,,0.6987593052109498,1.7075830549920603,1.2090740408211564,1.5018310648715814,,,,,,,,
2019-05-31,0.35709693054915004,1.854005090746268,,,0.7127541296061857,1.6990574215144891,1.2141225296047329,1.4984750874965824,,,,,,,,
2019-05-30,0.35709693054917224,1.854005090746268,,,0.7127541296062079,1.6990574215144891,1.0508072789570777,1.5053969536867504,,,,,,,,
2019-05-29,0.35709693054915004,1.854005090746268,,,0.6098830809508016,1.6992626225620282,1.0588598579555295,1.502066675042018,,,,,,,,
2019-05-28,0.35709693054917224,1.854005090746268,,,0.6148719677886882,1.6909132863456178,1.0588598579555741,1.5020666750420182,,,,,,,,
2019-05-27,0.35709693054915004,1.854005090746268,,,0.6188634335019927,1.6826880986204191,1.0719480364222098,1.4987793740212731,,,,,,,,
2019-05-24,0.35709693054917224,1.854005090746268,,,0.6368289489346646,1.6666195729043198,1.0769828539548554,1.4954889861722334,,,,,,,,
2019-05-23,0.35709693054915004,1.854005090746268,,,0.6368289489346424,1.6666195729043196,1.0810110691548358,1.4922203630917643,,,,,,,,
2019-05-22,0.35709693054917224,1.854005090746268,,,0.6418205084964823,1.6587404484640582,1.0860467896855577,1.4889728933299768,,,,,,,,
2019-05-21,0.35709693054915004,1.854005090746268,0.5560346109244829,2.222040754794226,0.6468125632428823,1.6509720255706346,1.090075727381401,1.4857467196168819,,,,,,,,
2019-05-20,0.35709693054917224,1.854005090746268,0.5600214096680656,2.198354330993137,0.6508065636223082,1.643313973229416,1.1031719931837047,1.4825656556512201,,,,,,,,
2019-05-17,0.35709693054915004,1.854005090746268,0.5819544548763211,2.1530345151392467,0.6697823951417714,1.628349580615684,1.1082099220665054,1.4793807792473204,,,,,,,,
2019-05-16,0.35709693054917224,1.854005090746268,0.5819544548763211,2.1530345151392467,0.6697823951417936,1.628349580615684,1.1122406266818483,1.4762165482018488,,,,,,,,
2019-05-15,0.35709693054915004,1.854005090746268,0.5819544548763211,2.1530345151392467,0.6737782188042551,1.6210012677109469,1.116271652680001,1.4730725344121305,,,,,,,,
2019-05-14,0.35709693054917224,1.854005090746268,0.7177532239331041,2.148737320764976,1.0528203033955297,1.7051967010352356,1.4053254437870866,1.4980304832700624,,,,,,,,
2019-05-13,0.35709693054915004,1.854005090746268,0.7217528567315945,2.1276897433605635,1.0578532153956877,1.6976474853879493,1.419517364096201,1.49488943357518,,,,,,,,
2019-05-10,0.35709693054917224,1.854005090746268,0.7437565165582694,2.0679479754286394,1.0759758503198436,1.6828528519303518,1.4235729281218967,1.4917469970281347,,,,,,,,
2019-05-09,0.35709693054915004,1.854005090746268,0.7437565165582694,2.0679479754286394,1.0759758503198211,1.6828528519303518,1.4276288165077091,1.4886242946336945,,,,,,,,
2019-05-08,0.35709693054917224,1.854005090746268,0.7437565165582694,2.0679479754286394,1.0810110691547914,1.6755957162534414,1.4326991331822247,1.4855200897945886,,,,,,,,
2019-05-07,0.35709693054917224,1.854005090746268,0.7487586891757658,2.0491473742809867,1.0850396054400635,1.6684377893190507,1.4367557515223783,1.4824362494411456,,,,,,,,
2019-05-06,0.35709693054915004,1.854005090746268,0.7527607849369344,2.0308700588272934,1.0900757273813788,1.661364774066259,1.446898717089984,1.479375857721212,,,,,,,,
2019-05-03,0.35709693054917224,1.854005090746268,0.7747779963049872,1.978732485286348,1.1082099220665054,1.6474933915927965,1.4499420023200704,1.4763318181802585,,,,,,,,
2019-05-02,0.35709693054915004,1.854005090746268,0.7747779963049872,1.9787324852863482,1.1082099220664832,1.6474933915927965,,,,,,,,,,
2019-05-01,0.5420751189499473,1.835448535116048,0.9605260543934512,1.952557438742775,1.2996202796575318,1.6235372872263985,,,,,,,,,,
2019-04-30,0.3106050864056797,1.8033873349834,0.5792329131250273,1.914229009515788,1.020093043642878,1.5875841261139751,,,,,,,,,,
2019-04-29,0.2987348283264524,1.8147102753858984,0.5713208819766002,1.9142620105995487,1.0131702165811385,1.5875841455479922,,,,,,,,,,
2019-04-26,0.2987348283264524,1.8147102753858984,0.5892798682552991,1.8826547739082584,1.0272607707942472,1.5810841865347154,,,,,,,,,,
2019-04-25,0.294778075633384,1.826305976682056,0.5853116536542302,1.8982417378266951,1.0273017138301643,1.5810839521424498,,,,,,,,,,
2019-04-24,0.2908213229402934,1.8381268409033176,0.5863327909837679,1.898229804901568,1.02834935977274,1.5810786184860073,,,,,,,,,,
2019-04-23,0.2868645702472472,1.8501802506158496,0.5863560600047224,1.8982295073624704,1.0334243517429398,1.5810655984233437,,,,,,,,,,
2019-04-22,0.2829078175541566,1.862473931771772,0.5873773403315408,1.8982175350798958,1.0294381440216105,1.5875720090746763,,,,,,,,,,
2019-04-19,0.2720267476482352,1.8749710480660813,0.5944288422035315,1.8826288895118664,1.0325718614200952,1.5875876523464216,,,,,,,,,,
2019-04-18,0.2680699949551668,1.8877695952703653,0.5904593674642911,1.8982145655920983,1.0326130292639846,1.5875874097688727,,,,,,,,,,
2019-04-17,0.2631240540888591,1.900832579585393,0.5904886665872633,1.8982142499125845,1.032664493685309,1.5875871722490675,,,,,,,,,,
2019-04-16,0.020772951638603487,1.8603250651936307,0.3513298928145669,1.8369396734705907,0.792472014274348,1.5513240884901434,,,,,,,,,,
2019-04-15,0.02077295163862569,1.8603250651936312,0.3563098605527948,1.8218215704059841,1.1139999999999262,1.6078755740204131,,,,,,,,,,
2019-04-12,0.020772951638603487,1.8603250651936307,-0.043496312698954036,1.9740550925459857,1.113999999999904,1.6078755740204131,,,,,,,,,,
2019-04-11,0.016816198945579508,1.8735534905189013,-0.04745052294429231,1.989889721718196,1.1140445617825234,1.6078752844809214,,,,,,,,,,
2019-04-10,0.011870258079205165,1.8870602056006645,-0.04745286842701146,1.9898896949431413,1.1181453588966497,1.6078640343220956,,,,,,,,,,
2019-04-09,0.007913505386158981,1.900871477523352,-0.04745474498017988,1.9898896772827568,1.1141448388290565,1.6144769180474416,,,,,,,,,,
2019-04-08,-0.010881069905921414,1.9146621417263885,-0.06129874238703925,1.9895340283420293,1.1001980356464711,1.6144284303151353,,,,,,,,,,
2019-04-05,-0.01088106990589921,1.9146621417263885,-0.04351007653821126,1.9584355334306247,1.1133451369925051,1.6078079620231989,,,,,,,,,,
2019-04-04,-0.014837822599000903,1.92909630803526,-0.04746553804171327,1.9738962390113344,1.113389686390187,1.6078076729185078,,,,,,,,,,
2019-04-03,-0.02374051615835482,1.9589625098439405,-0.05142354209305422,1.9897289508668161,1.1094437775109878,1.6144202944164834,,,,,,,,,,
2019-04-02,-0.023740516158377026,1.9589625098439398,-0.04648126903754602,1.9739063713318703,1.1134899355715209,1.6078070921482668,,,,,,,,,,
2019-04-01,-0.02868645702467365,1.9744205726076547,-0.02868645702467365,1.9744205726076547,1.1125340163278932,1.6078126953983305,,,,,,,,,,
2019-03-29,-0.04154590327717367,1.9900991187250765,-0.04154590327717367,1.9900991187250765,1.11369048810257,1.6078189807249053,,,,,,,,,,
2019-03-28,0.07517830116825497,1.9923165168786576,0.07517830116825497,1.9923165168786576,1.231763693489918,1.6042118885153345,,,,,,,,,,
2019-03-27,0.07122154847518658,2.008843184356357,0.1822124954198756,2.0044347336696773,0.5566323741363455,1.8713805862045925,,,,,,,,,,
2019-03-26,0.06627560760887885,2.025781380973021,0.18222151798443773,2.0044347683339487,0.556660039761403,1.871380595275468,,,,,,,,,,
2019-03-25,0.06231885491581046,2.04316227079526,0.18222873667950168,2.0044347814901715,0.5566821742414518,1.8713805784399449,,,,,,,,,,
2019-03-22,0.04847022049010441,2.0608326155727674,0.18721583311052115,1.98820839165905,0.5607588140547959,1.8636864627129248,,,,,,,,,,
2019-03-21,0.03956752693070609,2.097939458736477,0.1783007934385905,2.0210691591851617,0.551810535107089,1.879152687759252,,,,,,,,,,
2019-03-20,0.039567526930728285,2.097939458736477,0.18326266988946127,2.0044382011626225,0.5568094816700729,1.8713715380960303,,,,,,,,,,
2019-03-19,0.0356107742376377,2.117264679248681,0.1832699318434328,2.0044382141609622,0.5568316280364138,1.8713715212473736,,,,,,,,,,
2019-03-18,0.03066483337132997,2.1371257433292863,0.1832790100951831,2.0044382487512364,0.5568593134720246,1.871371530328792,,,,,,,,,,
2019-03-15,0.01780538711886326,2.157408498939632,0.3075366315810069,2.0046454664185682,0.6830968384366143,1.872819331983143,,,,,,,,,,
2019-03-14,0.5658156351083576,1.8053103515983435,0.8571343538258613,1.6806508162799532,1.23475230271346,1.7043914734628975,,,,,,,,,,
2019-03-13,0.5608696942420055,1.8232201374542265,0.8571768720981421,1.6806498797314842,1.2348137821151628,1.7043910867849694,,,,,,,,,,
2019-03-12,0.5569129415489593,1.841654764581912,0.858211546665899,1.6806258371879232,1.2348629700445146,1.704390719102615,,,,,,,,,,
2019-03-11,0.5519670006826072,1.860679721266104,0.8572534156190414,1.6806481118637833,1.2349244604676013,1.70439033232155,,,,,,,,,,
2019-03-08,0.5391075544301627,1.880367734054912,0.8633693235948092,1.6806735836318816,1.2401263036267542,1.6974183797981768,,,,,,,,,,
2019-03-07,0.5341616135637883,1.900633164058216,0.8584074309304413,1.694514825413692,1.235145876704502,1.7044012871471872,,,,,,,,,,
2019-03-06,0.5302048608707199,1.921547246991386,0.8584415068872975,1.6945139654063508,1.2351950910957088,1.7044009191729714,,,,,,,,,,
2019-03-05,0.52525892000439,1.9431890357345285,0.8634892907477099,1.6944287531236653,1.2352566145999777,1.7044005320850442,,,,,,,,,,
2019-03-04,0.5213021673113216,1.965556419044042,0.8595192250431261,1.708590235870367,1.2353058378162811,1.7044001640125914,,,,,,,,,,
2019-03-01,0.5074535328855934,1.988814284691832,0.8636435832275247,1.6944277195764987,1.2395129630737856,1.6974136852979735,,,,,,,,,,
2019-02-28,0.5034967801925028,2.0128178184908183,0.7616478568736484,1.6966716414727263,1.1206656315936758,1.694082498936944,,,,,,,,,,
2019-02-27,-0.1711295539750357,1.1545107241172872,0.08925914906277033,1.0225473972484085,0.4468951239661845,1.4022783087868416,,,,,,,,,,
2019-02-26,-0.1750863066681041,1.1690285289693323,0.0902553930076655,1.022559244732578,0.4569119125596544,1.4023539313175657,,,,,,,,,,
2019-02-25,-0.18003224753400002,1.1840575767000001,0.09820259492910001,1.0227934516,0.45193465861000004,1.40804190028,,,,,,,,,,
2019-02-22,-0.192891693787,1.199055865,0.09027150892289999,1.0225598173100001,0.447992991399,1.4022931388799995,,,,,,,,,,
2019-02-21,-0.197837634653,1.21529315402,0.0902759865876,1.0225598793100001,0.44801529225500003,1.40229318109,,,,,,,,,,
2019-02-20,-0.201794387346,1.23226681975,0.0902795690391,1.0225599147,0.44903323443300003,1.4022943802,,,,,,,,,,
2019-02-19,-0.21069708090599998,1.2496061350499998,0.0863155179427,1.0224730243200002,0.453074433657,1.40233640218,,,,,,,,,,
2019-02-18,-0.21069708090599998,1.2496061350499998,0.100219291717,1.0144971836299999,0.453074433657,1.40233640218,,,,,,,,,,
2019-02-15,-0.22355652715799998,1.2672799667799999,0.09129248325480001,1.0142538119700002,0.45013195239799997,1.39665729759,,,,,,,,,,
2019-02-14,-0.35808611872199997,1.22240519869,0.332679263325,1.23292620393,0.375670127748,1.3865692966999998,,,,,,,,,,
2019-02-13,-0.362042871415,1.2411953789599999,0.333691927644,1.2329231676799999,0.39069118453199997,1.38674965303,,,,,,,,,,
2019-02-12,-0.36698881228200003,1.2607680064,0.33270908873599997,1.23292611993,0.38570787860699995,1.3923277762200001,,,,,,,,,,
2019-02-11,-0.37094556497500003,1.28140889716,0.34271823380599997,1.23304002619,0.38172123386699996,1.3979756854899998,,,,,,,,,,
2019-02-08,-0.383805011227,1.30174832947,0.33476471819000003,1.23295031581,0.37776847477200004,1.3922608335299995,,,,,,,,,,
2019-02-07,-0.38875095209399996,1.32437339672,0.333781696807,1.23295332057,0.377787302758,1.392260885,,,,,,,,,,
2019-02-06,-0.39270770478699996,1.34835392111,0.33479473894,1.2329502293999999,0.37780236649800003,1.39226090456,,,,,,,,,,
2019-02-05,-0.39765364565300004,1.3735336941799998,0.333811630595,1.2329532346799998,0.3868279114280001,1.39234352885,,,,,,,,,,
2019-02-04,-0.40161039834600004,1.40032790985,0.343824121504,1.2330666884700001,0.382839994816,1.3979915114300001,,,,,,,,,,
2019-02-01,-0.414469844599,1.4269587763299998,0.3358681244210001,1.23297734142,0.37888607494000004,1.39227663791,,,,,,,,,,
2019-01-31,-0.320496968138,1.7709946488599997,0.43455293871399997,1.28759182972,0.47861679745499996,1.42709168919,,,,,,,,,,
2019-01-30,-0.320496968138,1.7709946488599997,0.384527260592,1.2815964127600001,0.43655500294,1.42252085519,,,,,,,,,,
2019-01-29,-0.320496968138,1.7709946488599997,0.389527585726,1.26990028259,0.43655500294,1.42252085519,,,,,,,,,,
2019-01-28,-0.320496968138,1.7709946488599997,0.40353114662600004,1.25859250291,0.43655500294,1.42252085519,,,,,,,,,,
2019-01-25,-0.320496968138,1.7709946488599997,0.40753288162600004,1.2475214702500002,0.440559370857,1.41642868811,,,,,,,,,,
2019-01-24,-0.320496968138,1.7709946488599997,0.412535498979,1.23672838597,0.445565279799,1.4104151501,,,,,,,,,,
2019-01-23,-0.320496968138,1.7709946488599997,0.421541466526,1.22620859751,0.44957036623499996,1.40447655759,,,,,,,,,,
2019-01-22,-0.320496968138,1.7709946488599997,0.421541466526,1.22620859751,0.463590684319,1.39868839546,,,,,,,,,,
2019-01-21,-0.320496968138,1.7709946488599997,0.43555396085000003,1.2160250123799998,0.463590684319,1.39868839546,,,,,,,,,,
2019-01-18,-0.320496968138,1.7709946488599997,0.439558248943,1.20603445616,0.472605812852,1.3871772390900001,,,,,,,,,,
2019-01-17,-0.325442909005,1.83794187298,0.439580156096,1.20603428963,0.47262937481299994,1.38717727617,,,,,,,,,,
2019-01-16,-0.329399661698,1.9134264562999999,0.43959768338999994,1.2060340974,0.182946229717,1.44677062717,,,,,,,,,,
2019-01-15,-0.334345602564,1.99846566102,0.755,1.35877137872,0.17797486477899999,1.452728319,,,,,,,,,,
2019-01-14,0.078145865688,0.098851938282,1.172,1.05524740528,0.592586700604,1.32985337926,,,,,,,,,,
2019-01-11,0.06429723126230001,0.10028573432499999,1.16204648186,1.05565301453,0.587667922877,1.3242853239399999,,,,,,,,,,
2019-01-10,0.059351290396,0.105374238878,1.16615159971,1.05545531333,0.5866968964729999,1.3242859467599999,,,,,,,,,,
2019-01-09,0.0553945377029,0.109362764017,1.16215107964,1.06388252346,0.587720519501,1.3242852947900001,,,,,,,,,,
2019-01-08,0.050448596836599996,0.11510652088500001,1.16220919766,1.06387917417,0.596753660089,1.32434860486,,,,,,,,,,
2019-01-07,0.0464918441435,0.11671883324400001,1.17136312257,1.06347519583,0.592775302355,1.32985448968,,,,,,,,,,
2019-01-04,0.0326432097178,0.132722816424,1.16140649227,1.06389695433,0.5878549758789999,1.32428639084,,,,,,,,,,
2019-01-03,0.0276972688515,0.140772838786,1.16146458583,1.0638936095799998,0.58688364783,1.32428701404,,,,,,,,,,
2019-01-02,0.022751327985099996,0.0,1.16051062467,1.06395038251,0.58691283847,1.32428701801,,,,,,,,,,
2019-01-01,,,1.14154794301,1.0644017052799999,0.578040432983,1.32410111261,,,,,,,,,,
2018-12-31,,,1.15571654426,1.0555480068799998,0.578040432983,1.32410111261,,,,,,,,,,
2018-12-28,,,1.15571654426,1.0555480068799998,0.543029627935,1.31987171376,,,,,,,,,,
2018-12-27,,,0.37373887977700004,1.7252467776900002,0.4356345046399999,1.31097465568,,,,,,,,,,
2018-12-26,,,0.37375745526799997,1.7252467188499998,0.43565616980599997,1.3109747017,,,,,,,,,,
2018-12-25,,,0.3737723169910001,1.72524663629,0.43567350349100004,1.31097471175,,,,,,,,,,
2018-12-24,,,0.373790895806,1.72524657743,0.444687624353,1.31105615369,,,,,,,,,,
2018-12-21,,,0.372844956153,1.7252303552300001,0.434756655657,1.31097434858,,,,,,,,,,
2018-12-20,,,0.37286349219000003,1.72523029724,0.43477828297399995,1.31097439481,,,,,,,,,,
2018-12-19,,,0.372878322346,1.7252302154199999,0.434795586377,1.31097440506,,,,,,,,,,
2018-12-18,,,0.3728968617,1.72523015741,0.434817217568,1.3109744513,,,,,,,,,,
2018-12-17,,,0.371917263325,1.72523437528,0.4428345391040001,1.31104085455,,,,,,,,,,
2018-12-14,,,0.37440876275799995,1.7259960859299999,0.500503494551,1.3250554618500001,,,,,,,,,,
2018-12-13,,,0.374427404899,1.7259960268,0.500528446368,1.3250554943100001,,,,,,,,,,
2018-12-12,,,0.373446462715,1.7260002935599998,0.49955130122599994,1.32505496673,,,,,,,,,,
2018-12-11,,,0.374460965432,1.7259958851599997,0.499571226293,1.3250549623999999,,,,,,,,,,
2018-12-10,,,0.359536685689,1.7258072475,0.494654539652,1.32496181609,,,,,,,,,,
2018-12-07,,,0.373532019165,1.71167639434,0.498663581601,1.31956480677,,,,,,,,,,
2018-12-06,,,0.373546902549,1.71167631644,0.498683475624,1.31956480373,,,,,,,,,,
2018-12-05,,,0.3685846350020001,1.7116606620500001,0.493721261932,1.3195389657899999,,,,,,,,,,
2018-12-04,,,0.37258418011600003,1.6978060118599998,0.49773078649400004,1.3142074752700001,,,,,,,,,,
2018-12-03,,,0.37359900373599997,1.69780219713,0.5067736078689999,1.31426813686,,,,,,,,,,
2018-11-30,,,0.249788525651,1.7032823718399999,0.335660713752,1.32949793155,,,,,,,,,,
2018-11-29,,,0.35728503184699995,1.6898901486500002,0.44625514239299996,1.32114912395,,,,,,,,,,
2018-11-28,,,0.356303992993,1.6898929972,0.44127461625,1.32646422078,,,,,,,,,,
2018-11-27,,,0.357317036757,1.68989005979,0.450297874036,1.3265302639299998,,,,,,,,,,
2018-11-26,,,0.36632589068000004,1.68996715978,0.445316702863,1.33191044661,,,,,,,,,,
2018-11-23,,,0.35838012184900003,1.68990882164,0.44137133975599996,1.32646506976,,,,,,,,,,
2018-11-22,,,0.357398853138,1.6899117077599999,0.4413933282850001,1.32646511581,,,,,,,,,,
2018-11-21,,,0.357416644266,1.68991167649,0.440414507772,1.32646379783,,,,,,,,,,
2018-11-20,,,0.358430076266,1.6899086997,0.449440441668,1.32652999125,,,,,,,,,,
2018-11-19,,,0.36644261886999996,1.68996781132,0.444457731671,1.33191015585,,,,,,,,,,
2018-11-16,,,0.35749850627400004,1.68989157159,0.439514441189,1.3264498351799998,,,,,,,,,,
2018-11-15,,,0.358512174476,1.6898885934299999,0.439531963243,1.32644984595,,,,,,,,,,
2018-11-14,,,0.0428483169579,1.5218276982299999,0.348832560371,1.2804668939700001,,,,,,,,,,
2018-11-13,,,0.056809687546699995,1.52223236345,0.3578783213710001,1.2805607175700002,,,,,,,,,,
2018-11-12,,,0.052823042806599996,1.53444701522,0.35387968090899996,1.2857547979600001,,,,,,,,,,
2018-11-09,,,0.043855277584,1.53424349675,0.34790954351899994,1.2804651975299999,,,,,,,,,,
2018-11-08,,,0.0428602755019,1.53423372571,0.347926935344,1.2804652563799999,,,,,,,,,,
2018-11-07,,,0.04385921192980001,1.5342435363999998,0.347940850056,1.28046528168,,,,,,,,,,
2018-11-06,,,0.042864120737300004,1.5342337636,0.35297529173000003,1.2805019080600002,,,,,,,,,,
2018-11-05,,,0.052839895117800004,1.5344474206,0.34897557171,1.2856956791,,,,,,,,,,
2018-11-02,,,0.043869269576699996,1.534243772,,,,,,,,,,,,
2018-11-01,,,0.0428739505853,1.5342339946899999,,,,,,,,,,,,
2018-10-31,,,0.0438732064334,1.53424381169,,,,,,,,,,,,
2018-10-30,,,0.0518284478377,1.53326898256,,,,,,,,,,,,
2018-10-29,,,0.0468449432379,1.54576304093,,,,,,,,,,,,
2018-10-26,,,0.0328911303585,1.55835674695,,,,,,,,,,,,
2018-10-25,,,0.0328924417155,1.5583567588299998,,,,,,,,,,,,
2018-10-24,,,0.032894081059,1.5583567780599998,,,,,,,,,,,,
2018-10-23,,,0.027911242249599996,1.55827788611,,,,,,,,,,,,
2018-10-22,,,0.041872706970699995,1.5456880319400002,,,,,,,,,,,,
2018-10-19,,,0.0329016241438,1.54547854739,,,,,,,,,,,,
2018-10-18,,,0.0329029363378,1.5454785592200002,,,,,,,,,,,,
2018-10-17,,,0.032904576727400006,1.54547857834,,,,,,,,,,,,
2018-10-16,,,-0.255528157811,1.6479203241,,,,,,,,,,,,
2018-10-15,,,-0.572701240853,1.5226851987799999,,,,,,,,,,,,
2018-10-12,,,-0.568746768484,1.5103959226199999,,,,,,,,,,,,
2018-10-11,,,-0.567780683524,1.51043225886,,,,,,,,,,,,
2018-10-10,,,-0.572775275201,1.5102166216600001,,,,,,,,,,,,
2018-10-09,,,-0.567831500229,1.49826032586,,,,,,,,,,,,
2018-10-08,,,-0.558959261617,1.49870525969,,,,,,,,,,,,
2018-10-05,,,-0.567933160931,1.49827880417,,,,,,,,,,,,
2018-10-04,,,-0.566966728005,1.4983144331099998,,,,,,,,,,,,
2018-10-03,,,-0.567984004934,1.49827692019,,,,,,,,,,,,
2018-10-02,,,-0.567017488013,1.4983125555,,,,,,,,,,,,
2018-10-01,,,-0.557147405285,1.49879364664,,,,,,,,,,,,
2018-09-28,,,-0.6056868926969999,1.49893034718,,,,,,,,,,,,
2018-09-27,,,0.0616651581909,0.705683383439,,,,,,,,,,,,
2018-09-26,,,0.061668224949799996,0.705683452922,,,,,,,,,,,,
2018-09-25,,,0.061670678576400004,0.705683494582,,,,,,,,,,,,
2018-09-24,,,0.0706327099085,0.7061118679189999,,,,,,,,,,,,
2018-09-21,,,0.06168172231290001,0.705734978246,,,,,,,,,,,,
2018-09-20,,,0.0616847907194,0.70573504778,,,,,,,,,,,,
2018-09-19,,,0.0616872456645,0.70573508947,,,,,,,,,,,,
2018-09-18,,,0.0616903146206,0.705735159023,,,,,,,,,,,,
2018-09-17,,,0.0706544994975,0.706112839858,,,,,,,,,,,,
2018-09-14,,,0.125624383095,0.754797671149,,,,,,,,,,,,
2018-09-13,,,0.125630645901,0.754797769588,,,,,,,,,,,,
2018-09-12,,,0.125635656596,0.754797821708,,,,,,,,,,,,
2018-09-11,,,0.124643519534,0.7547848226170001,,,,,,,,,,,,
2018-09-10,,,0.134633796075,0.755151048829,,,,,,,,,,,,
2018-09-07,,,0.12466589539999999,0.75478595337,,,,,,,,,,,,
2018-09-06,,,0.124670868906,0.754786005544,,,,,,,,,,,,
2018-09-05,,,0.124677086346,0.75478610384,,,,,,,,,,,,
2018-09-04,,,0.124682060745,0.7547861560279999,,,,,,,,,,,,
2018-09-03,,,0.132678917021,0.755080069759,,,,,,,,,,,,
2018-08-31,,,0.124704450452,0.7547871708059999,,,,,,,,,,,,
2018-08-30,,,0.0856582236875,0.784096019509,,,,,,,,,,,,
2018-08-29,,,0.08865336534160001,0.784173813976,,,,,,,,,,,,
2018-08-28,,,0.0846689444273,0.790558349219,,,,,,,,,,,,
2018-08-27,,,0.09264978381719999,0.7908682820090001,,,,,,,,,,,,
2018-08-24,,,0.0836878443406,0.7904968797640001,,,,,,,,,,,,
2018-08-23,,,0.0826948559815,0.790480903693,,,,,,,,,,,,
2018-08-22,,,0.0836953489298,0.790497003372,,,,,,,,,,,,
2018-08-21,,,0.0827022718215,0.7904810244380001,,,,,,,,,,,,
2018-08-20,,,0.09068532193289999,0.790792527029,,,,,,,,,,,,
2018-08-17,,,0.0827171074924,0.790481717875,,,,,,,,,,,,
2018-08-16,,,0.0817237736451,0.790465646688,,,,,,,,,,,,
2018-08-15,,,0.08073036059560001,0.790449488938,,,,,,,,,,,,
2018-08-14,,,0.305853190469,0.9688696064219999,,,,,,,,,,,,
2018-08-13,,,0.30089769478399997,0.9686295972229999,,,,,,,,,,,,
2018-08-10,,,0.304908527442,0.9607881588860001,,,,,,,,,,,,
2018-08-09,,,0.303920980545,0.960789934815,,,,,,,,,,,,
2018-08-08,,,0.304935963448,0.960788115912,,,,,,,,,,,,
2018-08-07,,,0.303948328784,0.9607898921510001,,,,,,,,,,,,
2018-08-06,,,0.309978301519,0.9608411427240001,,,,,,,,,,,,
2018-08-03,,,0.298988040478,0.960677573982,,,,,,,,,,,,
2018-08-02,,,,,,,,,,,,,,,,
2018-08-01,,,,,,,,,,,,,,,,
2018-07-31,,,,,,,,,,,,,,,,
2018-07-30,,,,,,,,,,,,,,,,
2018-07-27,,,,,,,,,,,,,,,,
2018-07-26,,,,,,,,,,,,,,,,
2018-07-25,,,,,,,,,,,,,,,,
2018-07-24,,,,,,,,,,,,,,,,
2018-07-23,,,,,,,,,,,,,,,,
2018-07-20,,,,,,,,,,,,,,,,
2018-07-19,,,,,,,,,,,,,,,,
2018-07-18,,,,,,,,,,,,,,,,
2018-07-17,,,,,,,,,,,,,,,,
2018-07-16,,,,,,,,,,,,,,,,
2018-07-13,,,,,,,,,,,,,,,,
2018-07-12,,,,,,,,,,,,,,,,
2018-07-11,,,,,,,,,,,,,,,,
2018-07-10,,,,,,,,,,,,,,,,
2018-07-09,,,,,,,,,,,,,,,,
2018-07-06,,,,,,,,,,,,,,,,
2018-07-05,,,,,,,,,,,,,,,,
2018-07-04,,,,,,,,,,,,,,,,
2018-07-03,,,,,,,,,,,,,,,,
2018-07-02,,,,,,,,,,,,,,,,
2018-06-29,,,,,,,,,,,,,,,,
2018-06-28,,,,,,,,,,,,,,,,
2018-06-27,,,,,,,,,,,,,,,,
2018-06-26,,,,,,,,,,,,,,,,
2018-06-25,,,,,,,,,,,,,,,,
2018-06-22,,,,,,,,,,,,,,,,
2018-06-21,,,,,,,,,,,,,,,,
2018-06-20,,,,,,,,,,,,,,,,
2018-06-19,,,,,,,,,,,,,,,,
2018-06-18,,,,,,,,,,,,,,,,
2018-06-15,,,,,,,,,,,,,,,,
2018-06-14,,,,,,,,,,,,,,,,
2018-06-13,,,,,,,,,,,,,,,,
2018-06-12,,,,,,,,,,,,,,,,
2018-06-11,,,,,,,,,,,,,,,,
2018-06-08,,,,,,,,,,,,,,,,
2018-06-07,,,,,,,,,,,,,,,,
2018-06-06,,,,,,,,,,,,,,,,
2018-06-05,,,,,,,,,,,,,,,,
2018-06-04,,,,,,,,,,,,,,,,
2018-06-01,,,,,,,,,,,,,,,,
2018-05-31,,,,,,,,,,,,,,,,
2018-05-30,,,,,,,,,,,,,,,,
2018-05-29,,,,,,,,,,,,,,,,
2018-05-28,,,,,,,,,,,,,,,,
2018-05-25,,,,,,,,,,,,,,,,
2018-05-24,,,,,,,,,,,,,,,,
2018-05-23,,,,,,,,,,,,,,,,
2018-05-22,,,,,,,,,,,,,,,,
2018-05-21,,,,,,,,,,,,,,,,
2018-05-18,,,,,,,,,,,,,,,,
2018-05-17,,,,,,,,,,,,,,,,
2018-05-16,,,,,,,,,,,,,,,,
2018-05-15,,,,,,,,,,,,,,,,
2018-05-14,,,,,,,,,,,,,,,,
2018-05-11,,,,,,,,,,,,,,,,
2018-05-10,,,,,,,,,,,,,,,,
2018-05-09,,,,,,,,,,,,,,,,
2018-05-08,,,,,,,,,,,,,,,,
2018-05-07,,,,,,,,,,,,,,,,
2018-05-04,,,,,,,,,,,,,,,,
2018-05-03,,,,,,,,,,,,,,,,
2018-05-02,,,,,,,,,,,,,,,,
2018-05-01,,,,,,,,,,,,,,,,
2018-04-30,,,,,,,,,,,,,,,,
2018-04-27,,,,,,,,,,,,,,,,
2018-04-26,,,,,,,,,,,,,,,,
2018-04-25,,,,,,,,,,,,,,,,
2018-04-24,,,,,,,,,,,,,,,,
2018-04-23,,,,,,,,,,,,,,,,
2018-04-20,,,,,,,,,,,,,,,,
2018-04-19,,,,,,,,,,,,,,,,
2018-04-18,,,,,,,,,,,,,,,,
2018-04-17,,,,,,,,,,,,,,,,
2018-04-16,,,,,,,,,,,,,,,,
2018-04-13,,,,,,,,,,,,,,,,
2018-04-12,,,,,,,,,,,,,,,,
2018-04-11,,,,,,,,,,,,,,,,
2018-04-10,,,,,,,,,,,,,,,,
2018-04-09,,,,,,,,,,,,,,,,
2018-04-06,,,,,,,,,,,,,,,,
2018-04-05,,,,,,,,,,,,,,,,
2018-04-04,,,,,,,,,,,,,,,,
2018-04-03,,,,,,,,,,,,,,,,
2018-04-02,,,,,,,,,,,,,,,,
2018-03-30,,,,,,,,,,,,,,,,
2018-03-29,,,,,,,,,,,,,,,,
2018-03-28,,,,,,,,,,,,,,,,
2018-03-27,,,,,,,,,,,,,,,,
2018-03-26,,,,,,,,,,,,,,,,
2018-03-23,,,,,,,,,,,,,,,,
2018-03-22,,,,,,,,,,,,,,,,
2018-03-21,,,,,,,,,,,,,,,,
2018-03-20,,,,,,,,,,,,,,,,
2018-03-19,,,,,,,,,,,,,,,,
2018-03-16,,,,,,,,,,,,,,,,
2018-03-15,,,,,,,,,,,,,,,,
2018-03-14,,,,,,,,,,,,,,,,
2018-03-13,,,,,,,,,,,,,,,,
2018-03-12,,,,,,,,,,,,,,,,
2018-03-09,,,,,,,,,,,,,,,,
2018-03-08,,,,,,,,,,,,,,,,
2018-03-07,,,,,,,,,,,,,,,,
2018-03-06,,,,,,,,,,,,,,,,
2018-03-05,,,,,,,,,,,,,,,,
2018-03-02,,,,,,,,,,,,,,,,
2018-03-01,,,,,,,,,,,,,,,,
2018-02-28,,,,,,,,,,,,,,,,
2018-02-27,,,,,,,,,,,,,,,,
2018-02-26,,,,,,,,,,,,,,,,
2018-02-23,,,,,,,,,,,,,,,,
2018-02-22,,,,,,,,,,,,,,,,
2018-02-21,,,,,,,,,,,,,,,,
2018-02-20,,,,,,,,,,,,,,,,
2018-02-19,,,,,,,,,,,,,,,,
2018-02-16,,,,,,,,,,,,,,,,
2018-02-15,,,,,,,,,,,,,,,,
2018-02-14,,,,,,,,,,,,,,,,
2018-02-13,,,,,,,,,,,,,,,,
2018-02-12,,,,,,,,,,,,,,,,
2018-02-09,,,,,,,,,,,,,,,,
2018-02-08,,,,,,,,,,,,,,,,
2018-02-07,,,,,,,,,,,,,,,,
2018-02-06,,,,,,,,,,,,,,,,
2018-02-05,,,,,,,,,,,,,,,,
2018-02-02,,,,,,,,,,,,,,,,
2018-02-01,,,,,,,,,,,,,,,,
2018-01-31,,,,,,,,,,,,,,,,
2018-01-30,,,,,,,,,,,,,,,,
2018-01-29,,,,,,,,,,,,,,,,
2018-01-26,,,,,,,,,,,,,,,,
2018-01-25,,,,,,,,,,,,,,,,
2018-01-24,,,,,,,,,,,,,,,,
2018-01-23,,,,,,,,,,,,,,,,
2018-01-22,,,,,,,,,,,,,,,,
2018-01-19,,,,,,,,,,,,,,,,
2018-01-18,,,,,,,,,,,,,,,,
2018-01-17,,,,,,,,,,,,,,,,
2018-01-16,,,,,,,,,,,,,,,,
2018-01-15,,,,,,,,,,,,,,,,
2018-01-12,,,,,,,,,,,,,,,,
2018-01-11,,,,,,,,,,,,,,,,
2018-01-10,,,,,,,,,,,,,,,,
2018-01-09,,,,,,,,,,,,,,,,
2018-01-08,,,,,,,,,,,,,,,,
2018-01-05,,,,,,,,,,,,,,,,
2018-01-04,,,,,,,,,,,,,,,,
2018-01-03,,,,,,,,,,,,,,,,
2018-01-02,,,,,,,,,,,,,,,,
2018-01-01,,,,,,,,,,,,,,,,
2017-12-29,,,,,,,,,,,,,,,,
2017-12-28,,,,,,,,,,,,,,,,
2017-12-27,,,,,,,,,,,,,,,,
2017-12-26,,,,,,,,,,,,,,,,
2017-12-25,,,,,,,,,,,,,,,,
2017-12-22,,,,,,,,,,,,,,,,
2017-12-21,,,,,,,,,,,,,,,,
2017-12-20,,,,,,,,,,,,,,,,
2017-12-19,,,,,,,,,,,,,,,,
2017-12-18,,,,,,,,,,,,,,,,
2017-12-15,,,,,,,,,,,,,,,,
2017-12-14,,,,,,,,,,,,,,,,
2017-12-13,,,,,,,,,,,,,,,,
2017-12-12,,,,,,,,,,,,,,,,
2017-12-11,,,,,,,,,,,,,,,,
2017-12-08,,,,,,,,,,,,,,,,
2017-12-07,,,,,,,,,,,,,,,,
2017-12-06,,,,,,,,,,,,,,,,
2017-12-05,,,,,,,,,,,,,,,,
2017-12-04,,,,,,,,,,,,,,,,
2017-12-01,,,,,,,,,,,,,,,,
2017-11-30,,,,,,,,,,,,,,,,
2017-11-29,,,,,,,,,,,,,,,,
2017-11-28,,,,,,,,,,,,,,,,
2017-11-27,,,,,,,,,,,,,,,,
2017-11-24,,,,,,,,,,,,,,,,
2017-11-23,,,,,,,,,,,,,,,,
2017-11-22,,,,,,,,,,,,,,,,
2017-11-21,,,,,,,,,,,,,,,,
2017-11-20,,,,,,,,,,,,,,,,
2017-11-17,,,,,,,,,,,,,,,,
2017-11-16,,,,,,,,,,,,,,,,
2017-11-15,,,,,,,,,,,,,,,,
2017-11-14,,,,,,,,,,,,,,,,
2017-11-13,,,,,,,,,,,,,,,,
2017-11-10,,,,,,,,,,,,,,,,
2017-11-09,,,,,,,,,,,,,,,,
2017-11-08,,,,,,,,,,,,,,,,
2017-11-07,,,,,,,,,,,,,,,,
2017-11-06,,,,,,,,,,,,,,,,
2017-11-03,,,,,,,,,,,,,,,,
2017-11-02,,,,,,,,,,,,,,,,
2017-11-01,,,,,,,,,,,,,,,,
2017-10-31,,,,,,,,,,,,,,,,
2017-10-30,,,,,,,,,,,,,,,,
2017-10-27,,,,,,,,,,,,,,,,
2017-10-26,,,,,,,,,,,,,,,,
2017-10-25,,,,,,,,,,,,,,,,
2017-10-24,,,,,,,,,,,,,,,,
2017-10-23,,,,,,,,,,,,,,,,
2017-10-20,,,,,,,,,,,,,,,,
2017-10-19,,,,,,,,,,,,,,,,
2017-10-18,,,,,,,,,,,,,,,,
2017-10-17,,,,,,,,,,,,,,,,
2017-10-16,,,,,,,,,,,,,,,,
2017-10-13,,,,,,,,,,,,,,,,
2017-10-12,,,,,,,,,,,,,,,,
2017-10-11,,,,,,,,,,,,,,,,
2017-10-10,,,,,,,,,,,,,,,,
2017-10-09,,,,,,,,,,,,,,,,
2017-10-06,,,,,,,,,,,,,,,,
2017-10-05,,,,,,,,,,,,,,,,
2017-10-04,,,,,,,,,,,,,,,,
2017-10-03,,,,,,,,,,,,,,,,
2017-10-02,,,,,,,,,,,,,,,,
2017-09-29,,,,,,,,,,,,,,,,
2017-09-28,,,,,,,,,,,,,,,,
2017-09-27,,,,,,,,,,,,,,,,
2017-09-26,,,,,,,,,,,,,,,,
2017-09-25,,,,,,,,,,,,,,,,
2017-09-22,,,,,,,,,,,,,,,,
2017-09-21,,,,,,,,,,,,,,,,
2017-09-20,,,,,,,,,,,,,,,,
2017-09-19,,,,,,,,,,,,,,,,
2017-09-18,,,,,,,,,,,,,,,,
2017-09-15,,,,,,,,,,,,,,,,
2017-09-14,,,,,,,,,,,,,,,,
2017-09-13,,,,,,,,,,,,,,,,
2017-09-12,,,,,,,,,,,,,,,,
2017-09-11,,,,,,,,,,,,,,,,
2017-09-08,,,,,,,,,,,,,,,,
2017-09-07,,,,,,,,,,,,,,,,
2017-09-06,,,,,,,,,,,,,,,,
2017-09-05,,,,,,,,,,,,,,,,
2017-09-04,,,,,,,,,,,,,,,,
2017-09-01,,,,,,,,,,,,,,,,
2017-08-31,,,,,,,,,,,,,,,,
2017-08-30,,,,,,,,,,,,,,,,
2017-08-29,,,,,,,,,,,,,,,,
2017-08-28,,,,,,,,,,,,,,,,
2017-08-25,,,,,,,,,,,,,,,,
2017-08-24,,,,,,,,,,,,,,,,
2017-08-23,,,,,,,,,,,,,,,,
2017-08-22,,,,,,,,,,,,,,,,
2017-08-21,,,,,,,,,,,,,,,,
2017-08-18,,,,,,,,,,,,,,,,
2017-08-17,,,,,,,,,,,,,,,,
2017-08-16,,,,,,,,,,,,,,,,
2017-08-15,,,,,,,,,,,,,,,,
2017-08-14,,,,,,,,,,,,,,,,
2017-08-11,,,,,,,,,,,,,,,,
2017-08-10,,,,,,,,,,,,,,,,
2017-08-09,,,,,,,,,,,,,,,,
2017-08-08,,,,,,,,,,,,,,,,
2017-08-07,,,,,,,,,,,,,,,,
2017-08-04,,,,,,,,,,,,,,,,
2017-08-03,,,,,,,,,,,,,,,,
2017-08-02,,,,,,,,,,,,,,,,
2017-08-01,,,,,,,,,,,,,,,,
2017-07-31,,,,,,,,,,,,,,,,
2017-07-28,,,,,,,,,,,,,,,,
2017-07-27,,,,,,,,,,,,,,,,
2017-07-26,,,,,,,,,,,,,,,,
2017-07-25,,,,,,,,,,,,,,,,
2017-07-24,,,,,,,,,,,,,,,,
2017-07-21,,,,,,,,,,,,,,,,
2017-07-20,,,,,,,,,,,,,,,,
2017-07-19,,,,,,,,,,,,,,,,
2017-07-18,,,,,,,,,,,,,,,,
2017-07-17,,,,,,,,,,,,,,,,
2017-07-14,,,,,,,,,,,,,,,,
2017-07-13,,,,,,,,,,,,,,,,
2017-07-12,,,,,,,,,,,,,,,,
2017-07-11,,,,,,,,,,,,,,,,
2017-07-10,,,,,,,,,,,,,,,,
2017-07-07,,,,,,,,,,,,,,,,
2017-07-06,,,,,,,,,,,,,,,,
2017-07-05,,,,,,,,,,,,,,,,
2017-07-04,,,,,,,,,,,,,,,,
2017-07-03,,,,,,,,,,,,,,,,
2017-06-30,,,,,,,,,,,,,,,,
2017-06-29,,,,,,,,,,,,,,,,
2017-06-28,,,,,,,,,,,,,,,,
2017-06-27,,,,,,,,,,,,,,,,
2017-06-26,,,,,,,,,,,,,,,,
2017-06-23,,,,,,,,,,,,,,,,
2017-06-22,,,,,,,,,,,,,,,,
2017-06-21,,,,,,,,,,,,,,,,
2017-06-20,,,,,,,,,,,,,,,,
2017-06-19,,,,,,,,,,,,,,,,
2017-06-16,,,,,,,,,,,,,,,,
2017-06-15,,,,,,,,,,,,,,,,
2017-06-14,,,,,,,,,,,,,,,,
2017-06-13,,,,,,,,,,,,,,,,
2017-06-12,,,,,,,,,,,,,,,,
2017-06-09,,,,,,,,,,,,,,,,
2017-06-08,,,,,,,,,,,,,,,,
2017-06-07,,,,,,,,,,,,,,,,
2017-06-06,,,,,,,,,,,,,,,,
2017-06-05,,,,,,,,,,,,,,,,
2017-06-02,,,,,,,,,,,,,,,,
2017-06-01,,,,,,,,,,,,,,,,
2017-05-31,,,,,,,,,,,,,,,,
2017-05-30,,,,,,,,,,,,,,,,
2017-05-29,,,,,,,,,,,,,,,,
2017-05-26,,,,,,,,,,,,,,,,
2017-05-25,,,,,,,,,,,,,,,,
2017-05-24,,,,,,,,,,,,,,,,
2017-05-23,,,,,,,,,,,,,,,,
2017-05-22,,,,,,,,,,,,,,,,
2017-05-19,,,,,,,,,,,,,,,,
2017-05-18,,,,,,,,,,,,,,,,
2017-05-17,,,,,,,,,,,,,,,,
2017-05-16,,,,,,,,,,,,,,,,
2017-05-15,,,,,,,,,,,,,,,,
2017-05-12,,,,,,,,,,,,,,,,
2017-05-11,,,,,,,,,,,,,,,,
2017-05-10,,,,,,,,,,,,,,,,
2017-05-09,,,,,,,,,,,,,,,,
2017-05-08,,,,,,,,,,,,,,,,
2017-05-05,,,,,,,,,,,,,,,,
2017-05-04,,,,,,,,,,,,,,,,
2017-05-03,,,,,,,,,,,,,,,,
2017-05-02,,,,,,,,,,,,,,,,
2017-05-01,,,,,,,,,,,,,,,,
2017-04-28,,,,,,,,,,,,,,,,
2017-04-27,,,,,,,,,,,,,,,,
2017-04-26,,,,,,,,,,,,,,,,
2017-04-25,,,,,,,,,,,,,,,,
2017-04-24,,,,,,,,,,,,,,,,
2017-04-21,,,,,,,,,,,,,,,,
2017-04-20,,,,,,,,,,,,,,,,
2017-04-19,,,,,,,,,,,,,,,,
2017-04-18,,,,,,,,,,,,,,,,
2017-04-17,,,,,,,,,,,,,,,,
2017-04-14,,,,,,,,,,,,,,,,
2017-04-13,,,,,,,,,,,,,,,,
2017-04-12,,,,,,,,,,,,,,,,
2017-04-11,,,,,,,,,,,,,,,,
2017-04-10,,,,,,,,,,,,,,,,
2017-04-07,,,,,,,,,,,,,,,,
2017-04-06,,,,,,,,,,,,,,,,
2017-04-05,,,,,,,,,,,,,,,,
2017-04-04,,,,,,,,,,,,,,,,
2017-04-03,,,,,,,,,,,,,,,,
2017-03-31,,,,,,,,,,,,,,,,
2017-03-30,,,,,,,,,,,,,,,,
2017-03-29,,,,,,,,,,,,,,,,
2017-03-28,,,,,,,,,,,,,,,,
2017-03-27,,,,,,,,,,,,,,,,
2017-03-24,,,,,,,,,,,,,,,,
2017-03-23,,,,,,,,,,,,,,,,
2017-03-22,,,,,,,,,,,,,,,,
2017-03-21,,,,,,,,,,,,,,,,
2017-03-20,,,,,,,,,,,,,,,,
2017-03-17,,,,,,,,,,,,,,,,
2017-03-16,,,,,,,,,,,,,,,,
2017-03-15,,,,,,,,,,,,,,,,
2017-03-14,,,,,,,,,,,,,,,,
2017-03-13,,,,,,,,,,,,,,,,
2017-03-10,,,,,,,,,,,,,,,,
2017-03-09,,,,,,,,,,,,,,,,
2017-03-08,,,,,,,,,,,,,,,,
2017-03-07,,,,,,,,,,,,,,,,
2017-03-06,,,,,,,,,,,,,,,,
2017-03-03,,,,,,,,,,,,,,,,
2017-03-02,,,,,,,,,,,,,,,,
2017-03-01,,,,,,,,,,,,,,,,
2017-02-28,,,,,,,,,,,,,,,,
2017-02-27,,,,,,,,,,,,,,,,
2017-02-24,,,,,,,,,,,,,,,,
2017-02-23,,,,,,,,,,,,,,,,
2017-02-22,,,,,,,,,,,,,,,,
2017-02-21,,,,,,,,,,,,,,,,
2017-02-20,,,,,,,,,,,,,,,,
2017-02-17,,,,,,,,,,,,,,,,
2017-02-16,,,,,,,,,,,,,,,,
2017-02-15,,,,,,,,,,,,,,,,
2017-02-14,,,,,,,,,,,,,,,,
2017-02-13,,,,,,,,,,,,,,,,
2017-02-10,,,,,,,,,,,,,,,,
2017-02-09,,,,,,,,,,,,,,,,
2017-02-08,,,,,,,,,,,,,,,,
2017-02-07,,,,,,,,,,,,,,,,
2017-02-06,,,,,,,,,,,,,,,,
2017-02-03,,,,,,,,,,,,,,,,
2017-02-02,,,,,,,,,,,,,,,,
2017-02-01,,,,,,,,,,,,,,,,
2017-01-31,,,,,,,,,,,,,,,,
2017-01-30,,,,,,,,,,,,,,,,
2017-01-27,,,,,,,,,,,,,,,,
2017-01-26,,,,,,,,,,,,,,,,
2017-01-25,,,,,,,,,,,,,,,,
2017-01-24,,,,,,,,,,,,,,,,
2017-01-23,,,,,,,,,,,,,,,,
2017-01-20,,,,,,,,,,,,,,,,
2017-01-19,,,,,,,,,,,,,,,,
2017-01-18,,,,,,,,,,,,,,,,
2017-01-17,,,,,,,,,,,,,,,,
2017-01-16,,,,,,,,,,,,,,,,
2017-01-13,,,,,,,,,,,,,,,,
2017-01-12,,,,,,,,,,,,,,,,
2017-01-11,,,,,,,,,,,,,,,,
2017-01-10,,,,,,,,,,,,,,,,
2017-01-09,,,,,,,,,,,,,,,,
2017-01-06,,,,,,,,,,,,,,,,
2017-01-05,,,,,,,,,,,,,,,,
2017-01-04,,,,,,,,,,,,,,,,
2017-01-03,,,,,,,,,,,,,,,,
2017-01-02,,,,,,,,,,,,,,,,
2016-12-30,,,,,,,,,,,,,,,,
2016-12-29,,,,,,,,,,,,,,,,
2016-12-28,,,,,,,,,,,,,,,,
2016-12-27,,,,,,,,,,,,,,,,
2016-12-26,,,,,,,,,,,,,,,,
2016-12-23,,,,,,,,,,,,,,,,
2016-12-22,,,,,,,,,,,,,,,,
2016-12-21,,,,,,,,,,,,,,,,
2016-12-20,,,,,,,,,,,,,,,,
2016-12-19,,,,,,,,,,,,,,,,
2016-12-16,,,,,,,,,,,,,,,,
2016-12-15,,,,,,,,,,,,,,,,
2016-12-14,,,,,,,,,,,,,,,,
2016-12-13,,,,,,,,,,,,,,,,
2016-12-12,,,,,,,,,,,,,,,,
2016-12-09,,,,,,,,,,,,,,,,
2016-12-08,,,,,,,,,,,,,,,,
2016-12-07,,,,,,,,,,,,,,,,
2016-12-06,,,,,,,,,,,,,,,,
2016-12-05,,,,,,,,,,,,,,,,
2016-12-02,,,,,,,,,,,,,,,,
2016-12-01,,,,,,,,,,,,,,,,
2016-11-30,,,,,,,,,,,,,,,,
2016-11-29,,,,,,,,,,,,,,,,
2016-11-28,,,,,,,,,,,,,,,,
2016-11-25,,,,,,,,,,,,,,,,
2016-11-24,,,,,,,,,,,,,,,,
2016-11-23,,,,,,,,,,,,,,,,
2016-11-22,,,,,,,,,,,,,,,,
2016-11-21,,,,,,,,,,,,,,,,
2016-11-18,,,,,,,,,,,,,,,,
2016-11-17,,,,,,,,,,,,,,,,
2016-11-16,,,,,,,,,,,,,,,,
2016-11-15,,,,,,,,,,,,,,,,
2016-11-14,,,,,,,,,,,,,,,,
2016-11-11,,,,,,,,,,,,,,,,
2016-11-10,,,,,,,,,,,,,,,,
2016-11-09,,,,,,,,,,,,,,,,
2016-11-08,,,,,,,,,,,,,,,,
2016-11-07,,,,,,,,,,,,,,,,
2016-11-04,,,,,,,,,,,,,,,,
2016-11-03,,,,,,,,,,,,,,,,
2016-11-02,,,,,,,,,,,,,,,,
2016-11-01,,,,,,,,,,,,,,,,
2016-10-31,,,,,,,,,,,,,,,,
2016-10-28,,,,,,,,,,,,,,,,
2016-10-27,,,,,,,,,,,,,,,,
2016-10-26,,,,,,,,,,,,,,,,
2016-10-25,,,,,,,,,,,,,,,,
2016-10-24,,,,,,,,,,,,,,,,
2016-10-21,,,,,,,,,,,,,,,,
2016-10-20,,,,,,,,,,,,,,,,
2016-10-19,,,,,,,,,,,,,,,,
2016-10-18,,,,,,,,,,,,,,,,
2016-10-17,,,,,,,,,,,,,,,,
2016-10-14,,,,,,,,,,,,,,,,
2016-10-13,,,,,,,,,,,,,,,,
2016-10-12,,,,,,,,,,,,,,,,
2016-10-11,,,,,,,,,,,,,,,,
2016-10-10,,,,,,,,,,,,,,,,
2016-10-07,,,,,,,,,,,,,,,,
2016-10-06,,,,,,,,,,,,,,,,
2016-10-05,,,,,,,,,,,,,,,,
2016-10-04,,,,,,,,,,,,,,,,
2016-10-03,,,,,,,,,,,,,,,,
2016-09-30,,,,,,,,,,,,,,,,
2016-09-29,,,,,,,,,,,,,,,,
2016-09-28,,,,,,,,,,,,,,,,
2016-09-27,,,,,,,,,,,,,,,,
2016-09-26,,,,,,,,,,,,,,,,
2016-09-23,,,,,,,,,,,,,,,,
2016-09-22,,,,,,,,,,,,,,,,
2016-09-21,,,,,,,,,,,,,,,,
2016-09-20,,,,,,,,,,,,,,,,
2016-09-19,,,,,,,,,,,,,,,,
2016-09-16,,,,,,,,,,,,,,,,
2016-09-15,,,,,,,,,,,,,,,,
2016-09-14,,,,,,,,,,,,,,,,
2016-09-13,,,,,,,,,,,,,,,,
2016-09-12,,,,,,,,,,,,,,,,
2016-09-09,,,,,,,,,,,,,,,,
2016-09-08,,,,,,,,,,,,,,,,
2016-09-07,,,,,,,,,,,,,,,,
2016-09-06,,,,,,,,,,,,,,,,
2016-09-05,,,,,,,,,,,,,,,,
2016-09-02,,,,,,,,,,,,,,,,
2016-09-01,,,,,,,,,,,,,,,,
2016-08-31,,,,,,,,,,,,,,,,
2016-08-30,,,,,,,,,,,,,,,,
2016-08-29,,,,,,,,,,,,,,,,
2016-08-26,,,,,,,,,,,,,,,,
2016-08-25,,,,,,,,,,,,,,,,
2016-08-24,,,,,,,,,,,,,,,,
2016-08-23,,,,,,,,,,,,,,,,
2016-08-22,,,,,,,,,,,,,,,,
2016-08-19,,,,,,,,,,,,,,,,
2016-08-18,,,,,,,,,,,,,,,,
2016-08-17,,,,,,,,,,,,,,,,
2016-08-16,,,,,,,,,,,,,,,,
2016-08-15,,,,,,,,,,,,,,,,
2016-08-12,,,,,,,,,,,,,,,,
2016-08-11,,,,,,,,,,,,,,,,
2016-08-10,,,,,,,,,,,,,,,,
2016-08-09,,,,,,,,,,,,,,,,
2016-08-08,,,,,,,,,,,,,,,,
2016-08-05,,,,,,,,,,,,,,,,
2016-08-04,,,,,,,,,,,,,,,,
2016-08-03,,,,,,,,,,,,,,,,
2016-08-02,,,,,,,,,,,,,,,,
2016-08-01,,,,,,,,,,,,,,,,
2016-07-29,,,,,,,,,,,,,,,,
2016-07-28,,,,,,,,,,,,,,,,
2016-07-27,,,,,,,,,,,,,,,,
2016-07-26,,,,,,,,,,,,,,,,
2016-07-25,,,,,,,,,,,,,,,,
2016-07-22,,,,,,,,,,,,,,,,
2016-07-21,,,,,,,,,,,,,,,,
2016-07-20,,,,,,,,,,,,,,,,
2016-07-19,,,,,,,,,,,,,,,,
2016-07-18,,,,,,,,,,,,,,,,
2016-07-15,,,,,,,,,,,,,,,,
2016-07-14,,,,,,,,,,,,,,,,
2016-07-13,,,,,,,,,,,,,,,,
2016-07-12,,,,,,,,,,,,,,,,
2016-07-11,,,,,,,,,,,,,,,,
2016-07-08,,,,,,,,,,,,,,,,
2016-07-07,,,,,,,,,,,,,,,,
2016-07-06,,,,,,,,,,,,,,,,
2016-07-05,,,,,,,,,,,,,,,,
2016-07-04,,,,,,,,,,,,,,,,
2016-07-01,,,,,,,,,,,,,,,,
2016-06-30,,,,,,,,,,,,,,,,
2016-06-29,,,,,,,,,,,,,,,,
2016-06-28,,,,,,,,,,,,,,,,
2016-06-27,,,,,,,,,,,,,,,,
2016-06-24,,,,,,,,,,,,,,,,
2016-06-23,,,,,,,,,,,,,,,,
2016-06-22,,,,,,,,,,,,,,,,
2016-06-21,,,,,,,,,,,,,,,,
2016-06-20,,,,,,,,,,,,,,,,
2016-06-17,,,,,,,,,,,,,,,,
2016-06-16,,,,,,,,,,,,,,,,
2016-06-15,,,,,,,,,,,,,,,,
2016-06-14,,,,,,,,,,,,,,,,
2016-06-13,,,,,,,,,,,,,,,,
2016-06-10,,,,,,,,,,,,,,,,
2016-06-09,,,,,,,,,,,,,,,,
2016-06-08,,,,,,,,,,,,,,,,
2016-06-07,,,,,,,,,,,,,,,,
2016-06-06,,,,,,,,,,,,,,,,
2016-06-03,,,,,,,,,,,,,,,,
2016-06-02,,,,,,,,,,,,,,,,
2016-06-01,,,,,,,,,,,,,,,,
2016-05-31,,,,,,,,,,,,,,,,
2016-05-30,,,,,,,,,,,,,,,,
2016-05-27,,,,,,,,,,,,,,,,
2016-05-26,,,,,,,,,,,,,,,,
2016-05-25,,,,,,,,,,,,,,,,
2016-05-24,,,,,,,,,,,,,,,,
2016-05-23,,,,,,,,,,,,,,,,
2016-05-20,,,,,,,,,,,,,,,,
2016-05-19,,,,,,,,,,,,,,,,
2016-05-18,,,,,,,,,,,,,,,,
2016-05-17,,,,,,,,,,,,,,,,
2016-05-16,,,,,,,,,,,,,,,,
2016-05-13,,,,,,,,,,,,,,,,
2016-05-12,,,,,,,,,,,,,,,,
2016-05-11,,,,,,,,,,,,,,,,
2016-05-10,,,,,,,,,,,,,,,,
2016-05-09,,,,,,,,,,,,,,,,
2016-05-06,,,,,,,,,,,,,,,,
2016-05-05,,,,,,,,,,,,,,,,
2016-05-04,,,,,,,,,,,,,,,,
2016-05-03,,,,,,,,,,,,,,,,
2016-05-02,,,,,,,,,,,,,,,,
2016-04-29,,,,,,,,,,,,,,,,
2016-04-28,,,,,,,,,,,,,,,,
2016-04-27,,,,,,,,,,,,,,,,
2016-04-26,,,,,,,,,,,,,,,,
2016-04-25,,,,,,,,,,,,,,,,
2016-04-22,,,,,,,,,,,,,,,,
2016-04-21,,,,,,,,,,,,,,,,
2016-04-20,,,,,,,,,,,,,,,,
2016-04-19,,,,,,,,,,,,,,,,
2016-04-18,,,,,,,,,,,,,,,,
2016-04-15,,,,,,,,,,,,,,,,
2016-04-14,,,,,,,,,,,,,,,,
2016-04-13,,,,,,,,,,,,,,,,
2016-04-12,,,,,,,,,,,,,,,,
2016-04-11,,,,,,,,,,,,,,,,
2016-04-08,,,,,,,,,,,,,,,,
2016-04-07,,,,,,,,,,,,,,,,
2016-04-06,,,,,,,,,,,,,,,,
2016-04-05,,,,,,,,,,,,,,,,
2016-04-04,,,,,,,,,,,,,,,,
2016-04-01,,,,,,,,,,,,,,,,
2016-03-31,,,,,,,,,,,,,,,,
2016-03-30,,,,,,,,,,,,,,,,
2016-03-29,,,,,,,,,,,,,,,,
2016-03-28,,,,,,,,,,,,,,,,
2016-03-25,,,,,,,,,,,,,,,,
2016-03-24,,,,,,,,,,,,,,,,
2016-03-23,,,,,,,,,,,,,,,,
2016-03-22,,,,,,,,,,,,,,,,
2016-03-21,,,,,,,,,,,,,,,,
2016-03-18,,,,,,,,,,,,,,,,
2016-03-17,,,,,,,,,,,,,,,,
2016-03-16,,,,,,,,,,,,,,,,
2016-03-15,,,,,,,,,,,,,,,,
2016-03-14,,,,,,,,,,,,,,,,
2016-03-11,,,,,,,,,,,,,,,,
2016-03-10,,,,,,,,,,,,,,,,
2016-03-09,,,,,,,,,,,,,,,,
2016-03-08,,,,,,,,,,,,,,,,
2016-03-07,,,,,,,,,,,,,,,,
2016-03-04,,,,,,,,,,,,,,,,
2016-03-03,,,,,,,,,,,,,,,,
2016-03-02,,,,,,,,,,,,,,,,
2016-03-01,,,,,,,,,,,,,,,,
2016-02-29,,,,,,,,,,,,,,,,
2016-02-26,,,,,,,,,,,,,,,,
2016-02-25,,,,,,,,,,,,,,,,
2016-02-24,,,,,,,,,,,,,,,,
2016-02-23,,,,,,,,,,,,,,,,
2016-02-22,,,,,,,,,,,,,,,,
2016-02-19,,,,,,,,,,,,,,,,
2016-02-18,,,,,,,,,,,,,,,,
2016-02-17,,,,,,,,,,,,,,,,
2016-02-16,,,,,,,,,,,,,,,,
2016-02-15,,,,,,,,,,,,,,,,
2016-02-12,,,,,,,,,,,,,,,,
2016-02-11,,,,,,,,,,,,,,,,
2016-02-10,,,,,,,,,,,,,,,,
2016-02-09,,,,,,,,,,,,,,,,
2016-02-08,,,,,,,,,,,,,,,,
2016-02-05,,,,,,,,,,,,,,,,
2016-02-04,,,,,,,,,,,,,,,,
2016-02-03,,,,,,,,,,,,,,,,
2016-02-02,,,,,,,,,,,,,,,,
2016-02-01,,,,,,,,,,,,,,,,
2016-01-29,,,,,,,,,,,,,,,,
2016-01-28,,,,,,,,,,,,,,,,
2016-01-27,,,,,,,,,,,,,,,,
2016-01-26,,,,,,,,,,,,,,,,
2016-01-25,,,,,,,,,,,,,,,,
2016-01-22,,,,,,,,,,,,,,,,
2016-01-21,,,,,,,,,,,,,,,,
2016-01-20,,,,,,,,,,,,,,,,
2016-01-19,,,,,,,,,,,,,,,,
2016-01-18,,,,,,,,,,,,,,,,
2016-01-15,,,,,,,,,,,,,,,,
2016-01-14,,,,,,,,,,,,,,,,
2016-01-13,,,,,,,,,,,,,,,,
2016-01-12,,,,,,,,,,,,,,,,
2016-01-11,,,,,,,,,,,,,,,,
2016-01-08,,,,,,,,,,,,,,,,
2016-01-07,,,,,,,,,,,,,,,,
2016-01-06,,,,,,,,,,,,,,,,
2016-01-05,,,,,,,,,,,,,,,,
2016-01-04,,,,,,,,,,,,,,,,
2016-01-01,,,,,,,,,,,,,,,,
2015-12-31,,,,,,,,,,,,,,,,
2015-12-30,,,,,,,,,,,,,,,,
2015-12-29,,,,,,,,,,,,,,,,
2015-12-28,,,,,,,,,,,,,,,,
2015-12-25,,,,,,,,,,,,,,,,
2015-12-24,,,,,,,,,,,,,,,,
2015-12-23,,,,,,,,,,,,,,,,
2015-12-22,,,,,,,,,,,,,,,,
2015-12-21,,,,,,,,,,,,,,,,
2015-12-18,,,,,,,,,,,,,,,,
2015-12-17,,,,,,,,,,,,,,,,
2015-12-16,,,,,,,,,,,,,,,,
2015-12-15,,,,,,,,,,,,,,,,
2015-12-14,,,,,,,,,,,,,,,,
2015-12-11,,,,,,,,,,,,,,,,
2015-12-10,,,,,,,,,,,,,,,,
2015-12-09,,,,,,,,,,,,,,,,
2015-12-08,,,,,,,,,,,,,,,,
2015-12-07,,,,,,,,,,,,,,,,
2015-12-04,,,,,,,,,,,,,,,,
2015-12-03,,,,,,,,,,,,,,,,
2015-12-02,,,,,,,,,,,,,,,,
2015-12-01,,,,,,,,,,,,,,,,
2015-11-30,,,,,,,,,,,,,,,,
2015-11-27,,,,,,,,,,,,,,,,
2015-11-26,,,,,,,,,,,,,,,,
2015-11-25,,,,,,,,,,,,,,,,
2015-11-24,,,,,,,,,,,,,,,,
2015-11-23,,,,,,,,,,,,,,,,
2015-11-20,,,,,,,,,,,,,,,,
2015-11-19,,,,,,,,,,,,,,,,
2015-11-18,,,,,,,,,,,,,,,,
2015-11-17,,,,,,,,,,,,,,,,
2015-11-16,,,,,,,,,,,,,,,,
2015-11-13,,,,,,,,,,,,,,,,
2015-11-12,,,,,,,,,,,,,,,,
2015-11-11,,,,,,,,,,,,,,,,
2015-11-10,,,,,,,,,,,,,,,,
2015-11-09,,,,,,,,,,,,,,,,
2015-11-06,,,,,,,,,,,,,,,,
2015-11-05,,,,,,,,,,,,,,,,
2015-11-04,,,,,,,,,,,,,,,,
2015-11-03,,,,,,,,,,,,,,,,
2015-11-02,,,,,,,,,,,,,,,,
2015-10-30,,,,,,,,,,,,,,,,
2015-10-29,,,,,,,,,,,,,,,,
2015-10-28,,,,,,,,,,,,,,,,
2015-10-27,,,,,,,,,,,,,,,,
2015-10-26,,,,,,,,,,,,,,,,
2015-10-23,,,,,,,,,,,,,,,,
2015-10-22,,,,,,,,,,,,,,,,
2015-10-21,,,,,,,,,,,,,,,,
2015-10-20,,,,,,,,,,,,,,,,
2015-10-19,,,,,,,,,,,,,,,,
2015-10-16,,,,,,,,,,,,,,,,
2015-10-15,,,,,,,,,,,,,,,,
2015-10-14,,,,,,,,,,,,,,,,
2015-10-13,,,,,,,,,,,,,,,,
2015-10-12,,,,,,,,,,,,,,,,
2015-10-09,,,,,,,,,,,,,,,,
2015-10-08,,,,,,,,,,,,,,,,
2015-10-07,,,,,,,,,,,,,,,,
2015-10-06,,,,,,,,,,,,,,,,
2015-10-05,,,,,,,,,,,,,,,,
2015-10-02,,,,,,,,,,,,,,,,
2015-10-01,,,,,,,,,,,,,,,,
2015-09-30,,,,,,,,,,,,,,,,
2015-09-29,,,,,,,,,,,,,,,,
2015-09-28,,,,,,,,,,,,,,,,
2015-09-25,,,,,,,,,,,,,,,,
2015-09-24,,,,,,,,,,,,,,,,
2015-09-23,,,,,,,,,,,,,,,,
2015-09-22,,,,,,,,,,,,,,,,
2015-09-21,,,,,,,,,,,,,,,,
2015-09-18,,,,,,,,,,,,,,,,
2015-09-17,,,,,,,,,,,,,,,,
2015-09-16,,,,,,,,,,,,,,,,
2015-09-15,,,,,,,,,,,,,,,,
2015-09-14,,,,,,,,,,,,,,,,
2015-09-11,,,,,,,,,,,,,,,,
2015-09-10,,,,,,,,,,,,,,,,
2015-09-09,,,,,,,,,,,,,,,,
2015-09-08,,,,,,,,,,,,,,,,
2015-09-07,,,,,,,,,,,,,,,,
2015-09-04,,,,,,,,,,,,,,,,
2015-09-03,,,,,,,,,,,,,,,,
2015-09-02,,,,,,,,,,,,,,,,
2015-09-01,,,,,,,,,,,,,,,,
2015-08-31,,,,,,,,,,,,,,,,
2015-08-28,,,,,,,,,,,,,,,,
2015-08-27,,,,,,,,,,,,,,,,
2015-08-26,,,,,,,,,,,,,,,,
2015-08-25,,,,,,,,,,,,,,,,
2015-08-24,,,,,,,,,,,,,,,,
2015-08-21,,,,,,,,,,,,,,,,
2015-08-20,,,,,,,,,,,,,,,,
2015-08-19,,,,,,,,,,,,,,,,
2015-08-18,,,,,,,,,,,,,,,,
2015-08-17,,,,,,,,,,,,,,,,
2015-08-14,,,,,,,,,,,,,,,,
2015-08-13,,,,,,,,,,,,,,,,
2015-08-12,,,,,,,,,,,,,,,,
2015-08-11,,,,,,,,,,,,,,,,
2015-08-10,,,,,,,,,,,,,,,,
2015-08-07,,,,,,,,,,,,,,,,
2015-08-06,,,,,,,,,,,,,,,,
2015-08-05,,,,,,,,,,,,,,,,
2015-08-04,,,,,,,,,,,,,,,,
2015-08-03,,,,,,,,,,,,,,,,
2015-07-31,,,,,,,,,,,,,,,,
2015-07-30,,,,,,,,,,,,,,,,
2015-07-29,,,,,,,,,,,,,,,,
2015-07-28,,,,,,,,,,,,,,,,
2015-07-27,,,,,,,,,,,,,,,,
2015-07-24,,,,,,,,,,,,,,,,
2015-07-23,,,,,,,,,,,,,,,,
2015-07-22,,,,,,,,,,,,,,,,
2015-07-21,,,,,,,,,,,,,,,,
2015-07-20,,,,,,,,,,,,,,,,
2015-07-17,,,,,,,,,,,,,,,,
2015-07-16,,,,,,,,,,,,,,,,
2015-07-15,,,,,,,,,,,,,,,,
2015-07-14,,,,,,,,,,,,,,,,
2015-07-13,,,,,,,,,,,,,,,,
2015-07-10,,,,,,,,,,,,,,,,
2015-07-09,,,,,,,,,,,,,,,,
2015-07-08,,,,,,,,,,,,,,,,
2015-07-07,,,,,,,,,,,,,,,,
2015-07-06,,,,,,,,,,,,,,,,
2015-07-03,,,,,,,,,,,,,,,,
2015-07-02,,,,,,,,,,,,,,,,
2015-07-01,,,,,,,,,,,,,,,,
2015-06-30,,,,,,,,,,,,,,,,
2015-06-29,,,,,,,,,,,,,,,,
2015-06-26,,,,,,,,,,,,,,,,
2015-06-25,,,,,,,,,,,,,,,,
2015-06-24,,,,,,,,,,,,,,,,
2015-06-23,,,,,,,,,,,,,,,,
2015-06-22,,,,,,,,,,,,,,,,
2015-06-19,,,,,,,,,,,,,,,,
2015-06-18,,,,,,,,,,,,,,,,
2015-06-17,,,,,,,,,,,,,,,,
2015-06-16,,,,,,,,,,,,,,,,
2015-06-15,,,,,,,,,,,,,,,,
2015-06-12,,,,,,,,,,,,,,,,
2015-06-11,,,,,,,,,,,,,,,,
2015-06-10,,,,,,,,,,,,,,,,
2015-06-09,,,,,,,,,,,,,,,,
2015-06-08,,,,,,,,,,,,,,,,
2015-06-05,,,,,,,,,,,,,,,,
2015-06-04,,,,,,,,,,,,,,,,
2015-06-03,,,,,,,,,,,,,,,,
2015-06-02,,,,,,,,,,,,,,,,
2015-06-01,,,,,,,,,,,,,,,,
2015-05-29,,,,,,,,,,,,,,,,
2015-05-28,,,,,,,,,,,,,,,,
2015-05-27,,,,,,,,,,,,,,,,
2015-05-26,,,,,,,,,,,,,,,,
2015-05-25,,,,,,,,,,,,,,,,
2015-05-22,,,,,,,,,,,,,,,,
2015-05-21,,,,,,,,,,,,,,,,
2015-05-20,,,,,,,,,,,,,,,,
2015-05-19,,,,,,,,,,,,,,,,
2015-05-18,,,,,,,,,,,,,,,,
2015-05-15,,,,,,,,,,,,,,,,
2015-05-14,,,,,,,,,,,,,,,,
2015-05-13,,,,,,,,,,,,,,,,
2015-05-12,,,,,,,,,,,,,,,,
2015-05-11,,,,,,,,,,,,,,,,
2015-05-08,,,,,,,,,,,,,,,,
2015-05-07,,,,,,,,,,,,,,,,
2015-05-06,,,,,,,,,,,,,,,,
2015-05-05,,,,,,,,,,,,,,,,
2015-05-04,,,,,,,,,,,,,,,,
2015-05-01,,,,,,,,,,,,,,,,
2015-04-30,,,,,,,,,,,,,,,,
2015-04-29,,,,,,,,,,,,,,,,
2015-04-28,,,,,,,,,,,,,,,,
2015-04-27,,,,,,,,,,,,,,,,
2015-04-24,,,,,,,,,,,,,,,,
2015-04-23,,,,,,,,,,,,,,,,
2015-04-22,,,,,,,,,,,,,,,,
2015-04-21,,,,,,,,,,,,,,,,
2015-04-20,,,,,,,,,,,,,,,,
2015-04-17,,,,,,,,,,,,,,,,
2015-04-16,,,,,,,,,,,,,,,,
2015-04-15,,,,,,,,,,,,,,,,
2015-04-14,,,,,,,,,,,,,,,,
2015-04-13,,,,,,,,,,,,,,,,
2015-04-10,,,,,,,,,,,,,,,,
2015-04-09,,,,,,,,,,,,,,,,
2015-04-08,,,,,,,,,,,,,,,,
2015-04-07,,,,,,,,,,,,,,,,
2015-04-06,,,,,,,,,,,,,,,,
2015-04-03,,,,,,,,,,,,,,,,
2015-04-02,,,,,,,,,,,,,,,,
2015-04-01,,,,,,,,,,,,,,,,
2015-03-31,,,,,,,,,,,,,,,,
2015-03-30,,,,,,,,,,,,,,,,
2015-03-27,,,,,,,,,,,,,,,,
2015-03-26,,,,,,,,,,,,,,,,
2015-03-25,,,,,,,,,,,,,,,,
2015-03-24,,,,,,,,,,,,,,,,
2015-03-23,,,,,,,,,,,,,,,,
2015-03-20,,,,,,,,,,,,,,,,
2015-03-19,,,,,,,,,,,,,,,,
2015-03-18,,,,,,,,,,,,,,,,
2015-03-17,,,,,,,,,,,,,,,,
2015-03-16,,,,,,,,,,,,,,,,
2015-03-13,,,,,,,,,,,,,,,,
2015-03-12,,,,,,,,,,,,,,,,
2015-03-11,,,,,,,,,,,,,,,,
2015-03-10,,,,,,,,,,,,,,,,
2015-03-09,,,,,,,,,,,,,,,,
2015-03-06,,,,,,,,,,,,,,,,
2015-03-05,,,,,,,,,,,,,,,,
2015-03-04,,,,,,,,,,,,,,,,
2015-03-03,,,,,,,,,,,,,,,,
2015-03-02,,,,,,,,,,,,,,,,
2015-02-27,,,,,,,,,,,,,,,,
2015-02-26,,,,,,,,,,,,,,,,
2015-02-25,,,,,,,,,,,,,,,,
2015-02-24,,,,,,,,,,,,,,,,
2015-02-23,,,,,,,,,,,,,,,,
2015-02-20,,,,,,,,,,,,,,,,
2015-02-19,,,,,,,,,,,,,,,,
2015-02-18,,,,,,,,,,,,,,,,
2015-02-17,,,,,,,,,,,,,,,,
2015-02-16,,,,,,,,,,,,,,,,
2015-02-13,,,,,,,,,,,,,,,,
2015-02-12,,,,,,,,,,,,,,,,
2015-02-11,,,,,,,,,,,,,,,,
2015-02-10,,,,,,,,,,,,,,,,
2015-02-09,,,,,,,,,,,,,,,,
2015-02-06,,,,,,,,,,,,,,,,
2015-02-05,,,,,,,,,,,,,,,,
2015-02-04,,,,,,,,,,,,,,,,
2015-02-03,,,,,,,,,,,,,,,,
2015-02-02,,,,,,,,,,,,,,,,
2015-01-30,,,,,,,,,,,,,,,,
2015-01-29,,,,,,,,,,,,,,,,
2015-01-28,,,,,,,,,,,,,,,,
2015-01-27,,,,,,,,,,,,,,,,
2015-01-26,,,,,,,,,,,,,,,,
2015-01-23,,,,,,,,,,,,,,,,
2015-01-22,,,,,,,,,,,,,,,,
2015-01-21,,,,,,,,,,,,,,,,
2015-01-20,,,,,,,,,,,,,,,,
2015-01-19,,,,,,,,,,,,,,,,
2015-01-16,,,,,,,,,,,,,,,,
2015-01-15,,,,,,,,,,,,,,,,
2015-01-14,,,,,,,,,,,,,,,,
2015-01-13,,,,,,,,,,,,,,,,
2015-01-12,,,,,,,,,,,,,,,,
2015-01-09,,,,,,,,,,,,,,,,
2015-01-08,,,,,,,,,,,,,,,,
2015-01-07,,,,,,,,,,,,,,,,
2015-01-06,,,,,,,,,,,,,,,,
2015-01-05,,,,,,,,,,,,,,,,
2015-01-02,,,,,,,,,,,,,,,,
2015-01-01,,,,,,,,,,,,,,,,
2014-12-31,,,,,,,,,,,,,,,,
2014-12-30,,,,,,,,,,,,,,,,
2014-12-29,,,,,,,,,,,,,,,,
2014-12-26,,,,,,,,,,,,,,,,
2014-12-25,,,,,,,,,,,,,,,,
2014-12-24,,,,,,,,,,,,,,,,
2014-12-23,,,,,,,,,,,,,,,,
2014-12-22,,,,,,,,,,,,,,,,
2014-12-19,,,,,,,,,,,,,,,,
2014-12-18,,,,,,,,,,,,,,,,
2014-12-17,,,,,,,,,,,,,,,,
2014-12-16,,,,,,,,,,,,,,,,
2014-12-15,,,,,,,,,,,,,,,,
2014-12-12,,,,,,,,,,,,,,,,
2014-12-11,,,,,,,,,,,,,,,,
2014-12-10,,,,,,,,,,,,,,,,
2014-12-09,,,,,,,,,,,,,,,,
2014-12-08,,,,,,,,,,,,,,,,
2014-12-05,,,,,,,,,,,,,,,,
2014-12-04,,,,,,,,,,,,,,,,
2014-12-03,,,,,,,,,,,,,,,,
2014-12-02,,,,,,,,,,,,,,,,
2014-12-01,,,,,,,,,,,,,,,,
2014-11-28,,,,,,,,,,,,,,,,
2014-11-27,,,,,,,,,,,,,,,,
2014-11-26,,,,,,,,,,,,,,,,
2014-11-25,,,,,,,,,,,,,,,,
2014-11-24,,,,,,,,,,,,,,,,
2014-11-21,,,,,,,,,,,,,,,,
2014-11-20,,,,,,,,,,,,,,,,
2014-11-19,,,,,,,,,,,,,,,,
2014-11-18,,,,,,,,,,,,,,,,
2014-11-17,,,,,,,,,,,,,,,,
2014-11-14,,,,,,,,,,,,,,,,
2014-11-13,,,,,,,,,,,,,,,,
2014-11-12,,,,,,,,,,,,,,,,
2014-11-11,,,,,,,,,,,,,,,,
2014-11-10,,,,,,,,,,,,,,,,
2014-11-07,,,,,,,,,,,,,,,,
2014-11-06,,,,,,,,,,,,,,,,
2014-11-05,,,,,,,,,,,,,,,,
2014-11-04,,,,,,,,,,,,,,,,
2014-11-03,,,,,,,,,,,,,,,,
2014-10-31,,,,,,,,,,,,,,,,
2014-10-30,,,,,,,,,,,,,,,,
2014-10-29,,,,,,,,,,,,,,,,
2014-10-28,,,,,,,,,,,,,,,,
2014-10-27,,,,,,,,,,,,,,,,
2014-10-24,,,,,,,,,,,,,,,,
2014-10-23,,,,,,,,,,,,,,,,
2014-10-22,,,,,,,,,,,,,,,,
2014-10-21,,,,,,,,,,,,,,,,
2014-10-20,,,,,,,,,,,,,,,,
2014-10-17,,,,,,,,,,,,,,,,
2014-10-16,,,,,,,,,,,,,,,,
2014-10-15,,,,,,,,,,,,,,,,
2014-10-14,,,,,,,,,,,,,,,,
2014-10-13,,,,,,,,,,,,,,,,
2014-10-10,,,,,,,,,,,,,,,,
2014-10-09,,,,,,,,,,,,,,,,
2014-10-08,,,,,,,,,,,,,,,,
2014-10-07,,,,,,,,,,,,,,,,
2014-10-06,,,,,,,,,,,,,,,,
2014-10-03,,,,,,,,,,,,,,,,
2014-10-02,,,,,,,,,,,,,,,,
2014-10-01,,,,,,,,,,,,,,,,
2014-09-30,,,,,,,,,,,,,,,,
2014-09-29,,,,,,,,,,,,,,,,
2014-09-26,,,,,,,,,,,,,,,,
2014-09-25,,,,,,,,,,,,,,,,
2014-09-24,,,,,,,,,,,,,,,,
2014-09-23,,,,,,,,,,,,,,,,
2014-09-22,,,,,,,,,,,,,,,,
2014-09-19,,,,,,,,,,,,,,,,
2014-09-18,,,,,,,,,,,,,,,,
2014-09-17,,,,,,,,,,,,,,,,
2014-09-16,,,,,,,,,,,,,,,,
2014-09-15,,,,,,,,,,,,,,,,
2014-09-12,,,,,,,,,,,,,,,,
2014-09-11,,,,,,,,,,,,,,,,
2014-09-10,,,,,,,,,,,,,,,,
2014-09-09,,,,,,,,,,,,,,,,
2014-09-08,,,,,,,,,,,,,,,,
2014-09-05,,,,,,,,,,,,,,,,
2014-09-04,,,,,,,,,,,,,,,,
2014-09-03,,,,,,,,,,,,,,,,
2014-09-02,,,,,,,,,,,,,,,,
2014-09-01,,,,,,,,,,,,,,,,
2014-08-29,,,,,,,,,,,,,,,,
2014-08-28,,,,,,,,,,,,,,,,
2014-08-27,,,,,,,,,,,,,,,,
2014-08-26,,,,,,,,,,,,,,,,
2014-08-25,,,,,,,,,,,,,,,,
2014-08-22,,,,,,,,,,,,,,,,
2014-08-21,,,,,,,,,,,,,,,,
2014-08-20,,,,,,,,,,,,,,,,
2014-08-19,,,,,,,,,,,,,,,,
2014-08-18,,,,,,,,,,,,,,,,
2014-08-15,,,,,,,,,,,,,,,,
2014-08-14,,,,,,,,,,,,,,,,
2014-08-13,,,,,,,,,,,,,,,,
2014-08-12,,,,,,,,,,,,,,,,
2014-08-11,,,,,,,,,,,,,,,,
2014-08-08,,,,,,,,,,,,,,,,
2014-08-07,,,,,,,,,,,,,,,,
2014-08-06,,,,,,,,,,,,,,,,
2014-08-05,,,,,,,,,,,,,,,,
2014-08-04,,,,,,,,,,,,,,,,
2014-08-01,,,,,,,,,,,,,,,,
2014-07-31,,,,,,,,,,,,,,,,
2014-07-30,,,,,,,,,,,,,,,,
2014-07-29,,,,,,,,,,,,,,,,
2014-07-28,,,,,,,,,,,,,,,,
2014-07-25,,,,,,,,,,,,,,,,
2014-07-24,,,,,,,,,,,,,,,,
2014-07-23,,,,,,,,,,,,,,,,
2014-07-22,,,,,,,,,,,,,,,,
2014-07-21,,,,,,,,,,,,,,,,
2014-07-18,,,,,,,,,,,,,,,,
2014-07-17,,,,,,,,,,,,,,,,
2014-07-16,,,,,,,,,,,,,,,,
2014-07-15,,,,,,,,,,,,,,,,
2014-07-14,,,,,,,,,,,,,,,,
2014-07-11,,,,,,,,,,,,,,,,
2014-07-10,,,,,,,,,,,,,,,,
2014-07-09,,,,,,,,,,,,,,,,
2014-07-08,,,,,,,,,,,,,,,,
2014-07-07,,,,,,,,,,,,,,,,
2014-07-04,,,,,,,,,,,,,,,,
2014-07-03,,,,,,,,,,,,,,,,
2014-07-02,,,,,,,,,,,,,,,,
2014-07-01,,,,,,,,,,,,,,,,
2014-06-30,,,,,,,,,,,,,,,,
2014-06-27,,,,,,,,,,,,,,,,
2014-06-26,,,,,,,,,,,,,,,,
2014-06-25,,,,,,,,,,,,,,,,
2014-06-24,,,,,,,,,,,,,,,,
2014-06-23,,,,,,,,,,,,,,,,
2014-06-20,,,,,,,,,,,,,,,,
2014-06-19,,,,,,,,,,,,,,,,
2014-06-18,,,,,,,,,,,,,,,,
2014-06-17,,,,,,,,,,,,,,,,
2014-06-16,,,,,,,,,,,,,,,,
2014-06-13,,,,,,,,,,,,,,,,
2014-06-12,,,,,,,,,,,,,,,,
2014-06-11,,,,,,,,,,,,,,,,
2014-06-10,,,,,,,,,,,,,,,,
2014-06-09,,,,,,,,,,,,,,,,
2014-06-06,,,,,,,,,,,,,,,,
2014-06-05,,,,,,,,,,,,,,,,
2014-06-04,,,,,,,,,,,,,,,,
2014-06-03,,,,,,,,,,,,,,,,
2014-06-02,,,,,,,,,,,,,,,,
2014-05-30,,,,,,,,,,,,,,,,
2014-05-29,,,,,,,,,,,,,,,,
2014-05-28,,,,,,,,,,,,,,,,
2014-05-27,,,,,,,,,,,,,,,,
2014-05-26,,,,,,,,,,,,,,,,
2014-05-23,,,,,,,,,,,,,,,,
2014-05-22,,,,,,,,,,,,,,,,
2014-05-21,,,,,,,,,,,,,,,,
2014-05-20,,,,,,,,,,,,,,,,
2014-05-19,,,,,,,,,,,,,,,,
2014-05-16,,,,,,,,,,,,,,,,
2014-05-15,,,,,,,,,,,,,,,,
2014-05-14,,,,,,,,,,,,,,,,
2014-05-13,,,,,,,,,,,,,,,,
2014-05-12,,,,,,,,,,,,,,,,
2014-05-09,,,,,,,,,,,,,,,,
2014-05-08,,,,,,,,,,,,,,,,
2014-05-07,,,,,,,,,,,,,,,,
2014-05-06,,,,,,,,,,,,,,,,
2014-05-05,,,,,,,,,,,,,,,,
2014-05-02,,,,,,,,,,,,,,,,
2014-05-01,,,,,,,,,,,,,,,,
2014-04-30,,,,,,,,,,,,,,,,
2014-04-29,,,,,,,,,,,,,,,,
2014-04-28,,,,,,,,,,,,,,,,
2014-04-25,,,,,,,,,,,,,,,,
2014-04-24,,,,,,,,,,,,,,,,
2014-04-23,,,,,,,,,,,,,,,,
2014-04-22,,,,,,,,,,,,,,,,
2014-04-21,,,,,,,,,,,,,,,,
2014-04-18,,,,,,,,,,,,,,,,
2014-04-17,,,,,,,,,,,,,,,,
2014-04-16,,,,,,,,,,,,,,,,
2014-04-15,,,,,,,,,,,,,,,,
2014-04-14,,,,,,,,,,,,,,,,
2014-04-11,,,,,,,,,,,,,,,,
2014-04-10,,,,,,,,,,,,,,,,
2014-04-09,,,,,,,,,,,,,,,,
2014-04-08,,,,,,,,,,,,,,,,
2014-04-07,,,,,,,,,,,,,,,,
2014-04-04,,,,,,,,,,,,,,,,
2014-04-03,,,,,,,,,,,,,,,,
2014-04-02,,,,,,,,,,,,,,,,
2014-04-01,,,,,,,,,,,,,,,,
2014-03-31,,,,,,,,,,,,,,,,
2014-03-28,,,,,,,,,,,,,,,,
2014-03-27,,,,,,,,,,,,,,,,
2014-03-26,,,,,,,,,,,,,,,,
2014-03-25,,,,,,,,,,,,,,,,
2014-03-24,,,,,,,,,,,,,,,,
2014-03-21,,,,,,,,,,,,,,,,
2014-03-20,,,,,,,,,,,,,,,,
2014-03-19,,,,,,,,,,,,,,,,
2014-03-18,,,,,,,,,,,,,,,,
2014-03-17,,,,,,,,,,,,,,,,
2014-03-14,,,,,,,,,,,,,,,,
2014-03-13,,,,,,,,,,,,,,,,
2014-03-12,,,,,,,,,,,,,,,,
2014-03-11,,,,,,,,,,,,,,,,
2014-03-10,,,,,,,,,,,,,,,,
2014-03-07,,,,,,,,,,,,,,,,
2014-03-06,,,,,,,,,,,,,,,,
2014-03-05,,,,,,,,,,,,,,,,
2014-03-04,,,,,,,,,,,,,,,,
2014-03-03,,,,,,,,,,,,,,,,
2014-02-28,,,,,,,,,,,,,,,,
2014-02-27,,,,,,,,,,,,,,,,
2014-02-26,,,,,,,,,,,,,,,,
2014-02-25,,,,,,,,,,,,,,,,
2014-02-24,,,,,,,,,,,,,,,,
2014-02-21,,,,,,,,,,,,,,,,
2014-02-20,,,,,,,,,,,,,,,,
2014-02-19,,,,,,,,,,,,,,,,
2014-02-18,,,,,,,,,,,,,,,,
2014-02-17,,,,,,,,,,,,,,,,
2014-02-14,,,,,,,,,,,,,,,,
2014-02-13,,,,,,,,,,,,,,,,
2014-02-12,,,,,,,,,,,,,,,,
2014-02-11,,,,,,,,,,,,,,,,
2014-02-10,,,,,,,,,,,,,,,,
2014-02-07,,,,,,,,,,,,,,,,
2014-02-06,,,,,,,,,,,,,,,,
2014-02-05,,,,,,,,,,,,,,,,
2014-02-04,,,,,,,,,,,,,,,,
2014-02-03,,,,,,,,,,,,,,,,
2014-01-31,,,,,,,,,,,,,,,,
2014-01-30,,,,,,,,,,,,,,,,
2014-01-29,,,,,,,,,,,,,,,,
2014-01-28,,,,,,,,,,,,,,,,
2014-01-27,,,,,,,,,,,,,,,,
2014-01-24,,,,,,,,,,,,,,,,
2014-01-23,,,,,,,,,,,,,,,,
2014-01-22,,,,,,,,,,,,,,,,
2014-01-21,,,,,,,,,,,,,,,,
2014-01-20,,,,,,,,,,,,,,,,
2014-01-17,,,,,,,,,,,,,,,,
2014-01-16,,,,,,,,,,,,,,,,
2014-01-15,,,,,,,,,,,,,,,,
2014-01-14,,,,,,,,,,,,,,,,
2014-01-13,,,,,,,,,,,,,,,,
2014-01-10,,,,,,,,,,,,,,,,
2014-01-09,,,,,,,,,,,,,,,,
2014-01-08,,,,,,,,,,,,,,,,
2014-01-07,,,,,,,,,,,,,,,,
2014-01-06,,,,,,,,,,,,,,,,
2014-01-03,,,,,,,,,,,,,,,,
2014-01-02,,,,,,,,,,,,,,,,
2014-01-01,,,,,,,,,,,,,,,,
2013-12-31,,,,,,,,,,,,,,,,
2013-12-30,,,,,,,,,,,,,,,,
2013-12-27,,,,,,,,,,,,,,,,
2013-12-26,,,,,,,,,,,,,,,,
2013-12-25,,,,,,,,,,,,,,,,
2013-12-24,,,,,,,,,,,,,,,,
2013-12-23,,,,,,,,,,,,,,,,
2013-12-20,,,,,,,,,,,,,,,,
2013-12-19,,,,,,,,,,,,,,,,
2013-12-18,,,,,,,,,,,,,,,,
2013-12-17,,,,,,,,,,,,,,,,
2013-12-16,,,,,,,,,,,,,,,,
2013-12-13,,,,,,,,,,,,,,,,
2013-12-12,,,,,,,,,,,,,,,,
2013-12-11,,,,,,,,,,,,,,,,
2013-12-10,,,,,,,,,,,,,,,,
2013-12-09,,,,,,,,,,,,,,,,
2013-12-06,,,,,,,,,,,,,,,,
2013-12-05,,,,,,,,,,,,,,,,
2013-12-04,,,,,,,,,,,,,,,,
2013-12-03,,,,,,,,,,,,,,,,
2013-12-02,,,,,,,,,,,,,,,,
2013-11-29,,,,,,,,,,,,,,,,
2013-11-28,,,,,,,,,,,,,,,,
2013-11-27,,,,,,,,,,,,,,,,
2013-11-26,,,,,,,,,,,,,,,,
2013-11-25,,,,,,,,,,,,,,,,
2013-11-22,,,,,,,,,,,,,,,,
2013-11-21,,,,,,,,,,,,,,,,
2013-11-20,,,,,,,,,,,,,,,,
2013-11-19,,,,,,,,,,,,,,,,
2013-11-18,,,,,,,,,,,,,,,,
2013-11-15,,,,,,,,,,,,,,,,
2013-11-14,,,,,,,,,,,,,,,,
2013-11-13,,,,,,,,,,,,,,,,
2013-11-12,,,,,,,,,,,,,,,,
2013-11-11,,,,,,,,,,,,,,,,
2013-11-08,,,,,,,,,,,,,,,,
2013-11-07,,,,,,,,,,,,,,,,
2013-11-06,,,,,,,,,,,,,,,,
2013-11-05,,,,,,,,,,,,,,,,
2013-11-04,,,,,,,,,,,,,,,,
2013-11-01,,,,,,,,,,,,,,,,
2013-10-31,,,,,,,,,,,,,,,,
2013-10-30,,,,,,,,,,,,,,,,
2013-10-29,,,,,,,,,,,,,,,,
2013-10-28,,,,,,,,,,,,,,,,
2013-10-25,,,,,,,,,,,,,,,,
2013-10-24,,,,,,,,,,,,,,,,
2013-10-23,,,,,,,,,,,,,,,,
2013-10-22,,,,,,,,,,,,,,,,
2013-10-21,,,,,,,,,,,,,,,,
2013-10-18,,,,,,,,,,,,,,,,
2013-10-17,,,,,,,,,,,,,,,,
2013-10-16,,,,,,,,,,,,,,,,
2013-10-15,,,,,,,,,,,,,,,,
2013-10-14,,,,,,,,,,,,,,,,
2013-10-11,,,,,,,,,,,,,,,,
2013-10-10,,,,,,,,,,,,,,,,
2013-10-09,,,,,,,,,,,,,,,,
2013-10-08,,,,,,,,,,,,,,,,
2013-10-07,,,,,,,,,,,,,,,,
2013-10-04,,,,,,,,,,,,,,,,
2013-10-03,,,,,,,,,,,,,,,,
2013-10-02,,,,,,,,,,,,,,,,
2013-10-01,,,,,,,,,,,,,,,,
2013-09-30,,,,,,,,,,,,,,,,
2013-09-27,,,,,,,,,,,,,,,,
2013-09-26,,,,,,,,,,,,,,,,
2013-09-25,,,,,,,,,,,,,,,,
2013-09-24,,,,,,,,,,,,,,,,
2013-09-23,,,,,,,,,,,,,,,,
2013-09-20,,,,,,,,,,,,,,,,
2013-09-19,,,,,,,,,,,,,,,,
2013-09-18,,,,,,,,,,,,,,,,
2013-09-17,,,,,,,,,,,,,,,,
2013-09-16,,,,,,,,,,,,,,,,
2013-09-13,,,,,,,,,,,,,,,,
2013-09-12,,,,,,,,,,,,,,,,
2013-09-11,,,,,,,,,,,,,,,,
2013-09-10,,,,,,,,,,,,,,,,
2013-09-09,,,,,,,,,,,,,,,,
2013-09-06,,,,,,,,,,,,,,,,
2013-09-05,,,,,,,,,,,,,,,,
2013-09-04,,,,,,,,,,,,,,,,
2013-09-03,,,,,,,,,,,,,,,,
2013-09-02,,,,,,,,,,,,,,,,
2013-08-30,,,,,,,,,,,,,,,,
2013-08-29,,,,,,,,,,,,,,,,
2013-08-28,,,,,,,,,,,,,,,,
2013-08-27,,,,,,,,,,,,,,,,
2013-08-26,,,,,,,,,,,,,,,,
2013-08-23,,,,,,,,,,,,,,,,
2013-08-22,,,,,,,,,,,,,,,,
2013-08-21,,,,,,,,,,,,,,,,
2013-08-20,,,,,,,,,,,,,,,,
2013-08-19,,,,,,,,,,,,,,,,
2013-08-16,,,,,,,,,,,,,,,,
2013-08-15,,,,,,,,,,,,,,,,
2013-08-14,,,,,,,,,,,,,,,,
2013-08-13,,,,,,,,,,,,,,,,
2013-08-12,,,,,,,,,,,,,,,,
2013-08-09,,,,,,,,,,,,,,,,
2013-08-08,,,,,,,,,,,,,,,,
2013-08-07,,,,,,,,,,,,,,,,
2013-08-06,,,,,,,,,,,,,,,,
2013-08-05,,,,,,,,,,,,,,,,
2013-08-02,,,,,,,,,,,,,,,,
2013-08-01,,,,,,,,,,,,,,,,
2013-07-31,,,,,,,,,,,,,,,,
2013-07-30,,,,,,,,,,,,,,,,
2013-07-29,,,,,,,,,,,,,,,,
2013-07-26,,,,,,,,,,,,,,,,
2013-07-25,,,,,,,,,,,,,,,,
2013-07-24,,,,,,,,,,,,,,,,
2013-07-23,,,,,,,,,,,,,,,,
2013-07-22,,,,,,,,,,,,,,,,
2013-07-19,,,,,,,,,,,,,,,,
2013-07-18,,,,,,,,,,,,,,,,
2013-07-17,,,,,,,,,,,,,,,,
2013-07-16,,,,,,,,,,,,,,,,
2013-07-15,,,,,,,,,,,,,,,,
2013-07-12,,,,,,,,,,,,,,,,
2013-07-11,,,,,,,,,,,,,,,,
2013-07-10,,,,,,,,,,,,,,,,
2013-07-09,,,,,,,,,,,,,,,,
2013-07-08,,,,,,,,,,,,,,,,
2013-07-05,,,,,,,,,,,,,,,,
2013-07-04,,,,,,,,,,,,,,,,
2013-07-03,,,,,,,,,,,,,,,,
2013-07-02,,,,,,,,,,,,,,,,
2013-07-01,,,,,,,,,,,,,,,,
2013-06-28,,,,,,,,,,,,,,,,
2013-06-27,,,,,,,,,,,,,,,,
2013-06-26,,,,,,,,,,,,,,,,
2013-06-25,,,,,,,,,,,,,,,,
2013-06-24,,,,,,,,,,,,,,,,
2013-06-21,,,,,,,,,,,,,,,,
2013-06-20,,,,,,,,,,,,,,,,
2013-06-19,,,,,,,,,,,,,,,,
2013-06-18,,,,,,,,,,,,,,,,
2013-06-17,,,,,,,,,,,,,,,,
2013-06-14,,,,,,,,,,,,,,,,
2013-06-13,,,,,,,,,,,,,,,,
2013-06-12,,,,,,,,,,,,,,,,
2013-06-11,,,,,,,,,,,,,,,,
2013-06-10,,,,,,,,,,,,,,,,
2013-06-07,,,,,,,,,,,,,,,,
2013-06-06,,,,,,,,,,,,,,,,
2013-06-05,,,,,,,,,,,,,,,,
2013-06-04,,,,,,,,,,,,,,,,
2013-06-03,,,,,,,,,,,,,,,,
2013-05-31,,,,,,,,,,,,,,,,
2013-05-30,,,,,,,,,,,,,,,,
2013-05-29,,,,,,,,,,,,,,,,
2013-05-28,,,,,,,,,,,,,,,,
2013-05-27,,,,,,,,,,,,,,,,
2013-05-24,,,,,,,,,,,,,,,,
2013-05-23,,,,,,,,,,,,,,,,
2013-05-22,,,,,,,,,,,,,,,,
2013-05-21,,,,,,,,,,,,,,,,
2013-05-20,,,,,,,,,,,,,,,,
2013-05-17,,,,,,,,,,,,,,,,
2013-05-16,,,,,,,,,,,,,,,,
2013-05-15,,,,,,,,,,,,,,,,
2013-05-14,,,,,,,,,,,,,,,,
2013-05-13,,,,,,,,,,,,,,,,
2013-05-10,,,,,,,,,,,,,,,,
2013-05-09,,,,,,,,,,,,,,,,
2013-05-08,,,,,,,,,,,,,,,,
2013-05-07,,,,,,,,,,,,,,,,
2013-05-06,,,,,,,,,,,,,,,,
2013-05-03,,,,,,,,,,,,,,,,
2013-05-02,,,,,,,,,,,,,,,,
2013-05-01,,,,,,,,,,,,,,,,
2013-04-30,,,,,,,,,,,,,,,,
2013-04-29,,,,,,,,,,,,,,,,
2013-04-26,,,,,,,,,,,,,,,,
2013-04-25,,,,,,,,,,,,,,,,
2013-04-24,,,,,,,,,,,,,,,,
2013-04-23,,,,,,,,,,,,,,,,
2013-04-22,,,,,,,,,,,,,,,,
2013-04-19,,,,,,,,,,,,,,,,
2013-04-18,,,,,,,,,,,,,,,,
2013-04-17,,,,,,,,,,,,,,,,
2013-04-16,,,,,,,,,,,,,,,,
2013-04-15,,,,,,,,,,,,,,,,
2013-04-12,,,,,,,,,,,,,,,,
2013-04-11,,,,,,,,,,,,,,,,
2013-04-10,,,,,,,,,,,,,,,,
2013-04-09,,,,,,,,,,,,,,,,
2013-04-08,,,,,,,,,,,,,,,,
2013-04-05,,,,,,,,,,,,,,,,
2013-04-04,,,,,,,,,,,,,,,,
2013-04-03,,,,,,,,,,,,,,,,
2013-04-02,,,,,,,,,,,,,,,,
2013-04-01,,,,,,,,,,,,,,,,
2013-03-29,,,,,,,,,,,,,,,,
2013-03-28,,,,,,,,,,,,,,,,
2013-03-27,,,,,,,,,,,,,,,,
2013-03-26,,,,,,,,,,,,,,,,
2013-03-25,,,,,,,,,,,,,,,,
2013-03-22,,,,,,,,,,,,,,,,
2013-03-21,,,,,,,,,,,,,,,,
2013-03-20,,,,,,,,,,,,,,,,
2013-03-19,,,,,,,,,,,,,,,,
2013-03-18,,,,,,,,,,,,,,,,
2013-03-15,,,,,,,,,,,,,,,,
2013-03-14,,,,,,,,,,,,,,,,
2013-03-13,,,,,,,,,,,,,,,,
2013-03-12,,,,,,,,,,,,,,,,
2013-03-11,,,,,,,,,,,,,,,,
2013-03-08,,,,,,,,,,,,,,,,
2013-03-07,,,,,,,,,,,,,,,,
2013-03-06,,,,,,,,,,,,,,,,
2013-03-05,,,,,,,,,,,,,,,,
2013-03-04,,,,,,,,,,,,,,,,
2013-03-01,,,,,,,,,,,,,,,,
2013-02-28,,,,,,,,,,,,,,,,
2013-02-27,,,,,,,,,,,,,,,,
2013-02-26,,,,,,,,,,,,,,,,
2013-02-25,,,,,,,,,,,,,,,,
2013-02-22,,,,,,,,,,,,,,,,
2013-02-21,,,,,,,,,,,,,,,,
2013-02-20,,,,,,,,,,,,,,,,
2013-02-19,,,,,,,,,,,,,,,,
2013-02-18,,,,,,,,,,,,,,,,
2013-02-15,,,,,,,,,,,,,,,,
2013-02-14,,,,,,,,,,,,,,,,
2013-02-13,,,,,,,,,,,,,,,,
2013-02-12,,,,,,,,,,,,,,,,
2013-02-11,,,,,,,,,,,,,,,,
2013-02-08,,,,,,,,,,,,,,,,
2013-02-07,,,,,,,,,,,,,,,,
2013-02-06,,,,,,,,,,,,,,,,
2013-02-05,,,,,,,,,,,,,,,,
2013-02-04,,,,,,,,,,,,,,,,
2013-02-01,,,,,,,,,,,,,,,,
2013-01-31,,,,,,,,,,,,,,,,
2013-01-30,,,,,,,,,,,,,,,,
2013-01-29,,,,,,,,,,,,,,,,
2013-01-28,,,,,,,,,,,,,,,,
2013-01-25,,,,,,,,,,,,,,,,
2013-01-24,,,,,,,,,,,,,,,,
2013-01-23,,,,,,,,,,,,,,,,
2013-01-22,,,,,,,,,,,,,,,,
2013-01-21,,,,,,,,,,,,,,,,
2013-01-18,,,,,,,,,,,,,,,,
2013-01-17,,,,,,,,,,,,,,,,
2013-01-16,,,,,,,,,,,,,,,,
2013-01-15,,,,,,,,,,,,,,,,
2013-01-14,,,,,,,,,,,,,,,,
2013-01-11,,,,,,,,,,,,,,,,
2013-01-10,,,,,,,,,,,,,,,,
2013-01-09,,,,,,,,,,,,,,,,
2013-01-08,,,,,,,,,,,,,,,,
2013-01-07,,,,,,,,,,,,,,,,
2013-01-04,,,,,,,,,,,,,,,,
2013-01-03,,,,,,,,,,,,,,,,
2013-01-02,,,,,,,,,,,,,,,,
2013-01-01,,,,,,,,,,,,,,,,
